f #d50007 1 m 687.25 217.25 q 684.95 214.95 681.6 214.95 l 655.6 214.95 q 652.3 214.95 649.95 217.25 q 647.6 219.55 647.6 222.8 l 647.6 499.45 q 647.6 502.7 649.95 505 q 652.3 507.3 655.6 507.3 l 681.6 507.3 q 684.95 507.3 687.25 505 q 689.6 502.7 689.6 499.45 l 689.6 222.8 q 689.6 219.55 687.25 217.25 c
f #ffdfbf 1 m 687.25 217.25 q 684.95 214.95 681.6 214.95 l 655.6 214.95 q 652.3 214.95 649.95 217.25 q 647.6 219.55 647.6 222.8 l 647.6 499.45 q 647.6 502.7 649.95 505 q 652.3 507.3 655.6 507.3 l 681.6 507.3 q 684.95 507.3 687.25 505 q 689.6 502.7 689.6 499.45 l 689.6 222.8 q 689.6 219.55 687.25 217.25 c
f 0 0 s 4 #4e6040 1 m 40.3 4.25 q 40.05 5.1 39.4 5.85 q 38.4 6.85 36.95 6.85 q 35.55 6.85 34.55 5.85 q 33.55 4.85 33.55 3.4 q 33.55 2.05 34.45 1.05 f 0 0 s 4 #4e6040 1 m 9.95 1 q 10.1 1.5 10.1 2.05 q 10.1 3.45 9.1 4.5 q 8.1 5.5 6.65 5.5 q 5.25 5.5 4.25 4.5 q 3.7 3.95 3.45 3.35 f 0 0 s 4 #4e6040 1 m 3.65 99.7 q 3.95 99.3 4.35 98.95 q 5.35 98 6.8 98 q 8.2 98.05 9.2 99.1 q 9.75 99.7 10 100.5 q 9.75 99.6 9.1 98.95 q 8.05 97.95 6.65 97.95 q 5.25 97.95 4.25 98.95 q 3.85 99.3 3.65 99.7 q 3.25 100.45 3.25 101.35 f 0 0 s 4 #4e6040 1 m 33.9 104.25 q 33.75 103.95 33.65 103.6 q 33.3 102.25 34 101 q 34.7 99.75 36.1 99.4 q 37.45 99 38.65 99.7 q 39.3 100.05 39.7 100.65 f 0 0 s 4 #4e6040 1 m 10 100.5 q 10.1 100.9 10.1 101.35 q 10.1 102.15 9.75 102.85 q 10.05 102.25 10.1 101.55 q 10.1 100.95 10 100.5 f 0 0 s 4 #4e6040 1 m 9.75 102.85 q 9.55 103.25 9.25 103.65
f 0 0 s 4 #4e6040 1 m 5.85 1 q 6.85 2 6.85 3.4 q 6.85 4.8 5.85 5.85 q 4.85 6.85 3.4 6.85 q 2 6.85 1 5.85 q 0 4.85 0 3.4 q 0 2 1 1 q 2 0 3.4 0 q 4.8 0 5.85 1
f 0 0 s 4 #4e6040 1 m 8 0 l 34 0 q 36.1 0 37.8 0.9 q 38.75 1.4 39.65 2.3 q 42 4.6 42 7.85 l 42 96.5 q 42 99.75 39.65 102.05 q 38.75 102.9 37.8 103.45 q 36.1 104.35 34 104.35 l 8 104.35 q 4.7 104.35 2.35 102.05 q 0 99.75 0 96.5 l 0 7.85 q 0 4.6 2.35 2.3 q 4.7 0 8 0
f 0 0 s 4 #4e6040 1 m 34 0 q 37.35 0 39.65 2.3 q 42 4.6 42 7.85 l 42 284.5 q 42 287.75 39.65 290.05 q 37.35 292.35 34 292.35 l 8 292.35 q 4.7 292.35 2.35 290.05 q 0 287.75 0 284.5 l 0 7.85 q 0 4.6 2.35 2.3 q 4.7 0 8 0 l 34 0
f 0 0 s 3 #4e6040 1 m 16.1 -0.05 q 9.45 -0.05 4.75 3.5 q 0 6.95 0 11.9 q 0 16.85 4.75 20.4 q 9.45 23.85 16.1 23.85 l 132.8 23.85 q 139.4 23.85 144.15 20.4 q 148.8 16.85 148.85 11.9 q 148.8 6.95 144.15 3.5 q 139.4 -0.05 132.8 -0.05 l 16.1 -0.05
f #d09214 1 m 132.8 -0.05 l 16.1 -0.05 q 9.45 -0.05 4.75 3.5 q 0 6.95 0 11.9 q 0 16.85 4.75 20.4 q 9.45 23.85 16.1 23.85 l 132.8 23.85 q 139.4 23.85 144.15 20.4 q 148.8 16.85 148.85 11.9 q 148.8 6.95 144.15 3.5 q 139.4 -0.05 132.8 -0.05 c
f #fe0 1 m 448.6 -5 q 458.2 -4 468.95 -4 q 479.65 -4 489.25 -5 l 448.6 -5 c f 0 0 s 2 #4e6040 1 m 453.55 302.25 l 500.2 302.25 f 0 0 s 2 #4e6040 1 m 453.05 388.95 l 499.7 388.95 f 0 0 s 2 #4e6040 1 m 453.05 374.5 l 499.7 374.5 f 0 0 s 2 #4e6040 1 m 453.05 360.05 l 499.7 360.05 f 0 0 s 2 #4e6040 1 m 453.05 316.7 l 499.7 316.7 f 0 0 s 2 #4e6040 1 m 453.05 331.15 l 499.7 331.15 f 0 0 s 2 #4e6040 1 m 453.05 345.6 l 499.7 345.6
f #c96 1 m 16 0 l 0 0 l 0 99 l 16 99 l 16 0 c
f #ffffce 1 m 1637.4 757.75 l 1637.4 -12 l -12 -12 l -12 757.75 l 1637.4 757.75 c f 0 0 s 2 #4e6040 1 m -12 -12 l 1637.4 -12 l 1637.4 757.75 l -12 757.75 l -12 -12