f #c96 1 m 50.75 0 l 0 0 l 0 53.55 l 50.75 53.55 l 50.75 0 c
f #000 1 m 375.9 313.8 q 375.85 313.8 375.8 313.85 q 375.55 314.05 375.45 314.25 q 375.4 314.3 375.4 314.35 l 375.4 314.4 l 370.05 326 q 369.5 327.25 370.9 327.35 l 384.35 327.35 q 385.05 327.35 385.35 326.8 q 385.65 326.3 385.25 325.75 l 377.4 314.45 q 377.3 314.1 377 313.95 q 376.5 313.35 375.9 313.8 m 382.6 325.4 l 372.55 325.35 l 376.5 316.65 l 382.6 325.4 h c
f #000 1 m 12.6 -17.55 q 12.9 -18.25 12.4 -18.95 l 2.55 -33.4 q 2.2 -33.85 1.5 -33.85 q 0.85 -33.8 0.55 -33.25 l -8.1 -19.05 q -8.45 -18.45 -8.3 -17.95 q -8.25 -17.15 -7.4 -17 q -7.3 -17 -7.2 -17 l 11.3 -16.85 q 12.2 -16.85 12.6 -17.55 m 1.65 -30.15 l 9 -19.45 l -4.7 -19.6 l 1.65 -30.15 h c
f #c0081c 1 m 11.45 -18.1 l 1.6 -32.55 l -7.05 -18.3 l 11.45 -18.1 c
f #000 1 m 408.45 287 q 409.4 287 409.5 286 q 409.6 285 408.65 285.05 l 393.85 285.15 q 392.9 285.2 392.8 286.15 q 392.7 287.15 393.65 287.15 l 408.45 287 c
f #000 1 m 400.15 274.35 l 392.95 285.6 q 392.45 286.4 393.25 286.95 q 394.1 287.55 394.6 286.75 l 401.8 275.5 q 402.35 274.7 401.5 274.1 q 400.7 273.55 400.15 274.35 c
f #c0081c 1 m 38.25 34.25 l 31.35 19.15 l 20.8 34.25 l 38.25 34.25 c
f #000 1 m 430.05 325.9 l 424.85 313.65 q 424.5 312.75 423.6 313.2 q 422.7 313.6 423.05 314.5 l 428.25 326.75 q 428.65 327.65 429.55 327.25 q 430.45 326.8 430.05 325.9 c
f #c0081c 1 m -30.35 19.15 l -37.3 34.25 l -19.85 34.25 l -30.35 19.15 c
f #000 1 m 385.25 325.7 l 377.05 313.4 q 376.5 312.6 375.75 313.25 q 374.95 313.9 375.5 314.7 l 383.7 327 q 384.25 327.8 385 327.15 q 385.8 326.5 385.25 325.7 c
f #000 1 m 372 326.7 l 377.2 314.45 q 377.6 313.55 376.65 313.2 q 375.75 312.85 375.35 313.75 l 370.1 326 q 369.75 326.9 370.65 327.25 q 371.6 327.55 372 326.7 c
f #000 1 m 399.9 306.05 l 379.9 320.15 q 379.1 320.7 379.75 321.5 q 380.4 322.25 381.2 321.7 l 401.2 307.55 q 402 307 401.35 306.25 q 400.7 305.5 399.9 306.05 c
f #000 1 m 401.25 306 q 400.45 305.45 399.85 306.25 q 399.3 307.1 400.1 307.65 l 419.35 320.9 q 420.15 321.45 420.7 320.65 q 421.3 319.85 420.5 319.3 l 401.25 306 c
f #000 1 m 401.6 286.4 q 401.6 285.45 400.6 285.35 q 399.6 285.25 399.6 286.2 l 399.6 306.8 q 399.6 307.75 400.6 307.85 q 401.6 307.95 401.6 307 l 401.6 286.4 c
f #000 1 m 15.5 -16.5 q 13.55 -17.65 10.75 -17.7 q 8.15 -17.75 6.15 -16.25 q 3.85 -14.5 5.6 -12.25 q 5.75 -12.05 5.95 -11.9 q 6 -11.6 6.1 -11.3 q 6.6 -9.65 8.4 -8.65 q 12.85 -6.2 16.55 -8.65 q 19.1 -10.4 18.9 -12.1 q 18.6 -13.85 17.05 -15.1 q 16.5 -15.9 15.5 -16.5 m 8.15 -10.3 q 7.95 -10.25 7.75 -10.3 q 7.9 -10.3 8.1 -10.3 l 8.15 -10.3 h m 6.8 -11.45 l 6.8 -11.45 q 6.8 -11.35 6.85 -11.3 q 6.8 -11.4 6.8 -11.45 h c
f #d95254 1 m 248.65 115.55 q 250.4 114.55 252.05 115 q 253.1 115.2 253.85 115.75 q 253.3 114.85 251.85 114.3 q 249.7 113.5 247.6 113.8 q 246.25 114 245.15 114.7 q 243.75 115.65 244.75 116.75 l 245.45 117.4 q 245.75 116.25 248.25 116.05 q 248.45 115.8 248.65 115.55 c f #d95254 1 m 249 116 q 248.6 116 248.25 116.05 q 247 117.6 246.1 118.05 l 245.45 117.4 q 245.3 117.75 245.45 118.2 q 246.1 120.9 250.8 120.9 q 252.55 120.9 254.1 119.8 q 256 118.45 255.05 117.05 q 254.6 116.25 253.85 115.75 q 254.3 116.45 254.15 117.35 q 252.1 116.9 251.3 115.8 q 251.4 116.15 251.6 116.8 q 250.55 115.9 249 116 c
f #000 1 m 228.95 114.75 q 228 114.05 227.35 114.7 q 226.55 113.95 225.4 113.75 q 221.5 113.1 218.65 114.95 q 216.2 116.45 218.9 120.15 q 221 123.05 224.4 121.95 q 227.3 121.05 229.5 116.85 q 230.2 115.55 228.95 114.75 c
f #fff 1 m 225.85 116.9 q 225.85 116.85 225.9 116.85 q 226.75 116 226.45 115.7 q 226.1 115.3 224.4 115.15 l 222.85 115.2 q 221.45 115.3 220.3 115.75 q 219.35 116 219 116.55 q 218.95 116.65 219.3 117.65 q 219.7 118.85 220.35 119.6 q 222.15 121.85 225.1 120.05 q 226.6 119.05 228.3 116 l 225.85 116.9 c
f #000 1 m 241.2 141.35 q 240.05 140.2 239.05 141.2 l 228.05 152.2 l 228.05 140.95 q 228.05 140 227.2 139.5 q 226.3 138.95 225.55 139.7 l 210.6 154.7 q 209.55 155.7 210.5 156.85 q 211.5 158 212.5 156.95 l 225.05 144.4 l 225.05 155.7 q 225.05 156.65 225.9 157.15 q 226.8 157.7 227.5 156.95 l 240 144.4 l 250.15 154.55 q 251.3 155.7 252.25 154.7 l 264.25 142.7 q 265.25 141.7 264.3 140.55 q 263.35 139.4 262.3 140.45 l 251.3 151.45 l 241.2 141.35 c
f 0 0 s 1 #000 1 m 258.45 114.7 q 258.45 117.9 256.2 120.15 q 253.95 122.4 250.75 122.4 q 247.55 122.4 245.3 120.15 q 243 117.9 243 114.7 q 243 111.5 245.3 109.25 q 247.55 107 250.75 107 q 253.95 107 256.2 109.25 q 258.45 111.5 258.45 114.7
f #d95254 1 m 256.2 120.15 q 258.45 117.9 258.45 114.7 q 258.45 111.5 256.2 109.25 q 253.95 107 250.75 107 q 247.55 107 245.3 109.25 q 243 111.5 243 114.7 q 243 117.9 245.3 120.15 q 247.55 122.4 250.75 122.4 q 253.95 122.4 256.2 120.15 c
f #000 1 m 289.25 116.15 q 290.65 115.85 290.4 114.35 q 290.1 112.85 288.7 113.2 l 281.5 114.9 q 280.1 115.25 280.35 116.7 q 280.6 118.2 282 117.85 l 289.25 116.15 c
f #000 1 m 283.2 94.55 l 273.05 96.95 q 271.65 97.3 271.9 98.75 q 272.15 100.25 273.55 99.9 l 283.7 97.55 q 285.15 97.2 284.9 95.75 q 284.65 94.25 283.2 94.55 c
f #000 1 m 287.9 143.55 q 287.05 142.4 285.9 143.35 q 284.75 144.35 285.65 145.5 l 291 152.35 q 291.9 153.5 293.05 152.55 q 294.2 151.55 293.3 150.4 l 287.9 143.55 c
f #000 1 m 283.15 163.25 q 280.1 163.45 274.4 163.75 q 273 163.85 273.25 165.3 q 273.55 166.8 274.95 166.7 q 280.75 166.4 283.65 166.2 q 285.1 166.15 284.85 164.65 q 284.6 163.2 283.15 163.25 c
f #000 1 m 249.2 194.4 l 249.2 182.3 q 249.2 180.85 247.7 180.7 q 246.2 180.55 246.2 182 l 246.2 194.15 q 246.2 195.6 247.7 195.7 q 249.2 195.85 249.2 194.4 c
f #000 1 m 228.25 194.65 l 231 182.8 q 231.35 181.4 229.95 180.9 q 228.55 180.4 228.2 181.8 l 225.45 193.6 q 225.1 195 226.5 195.5 q 227.9 196.05 228.25 194.65 c
f #000 1 m 201.6 166.85 l 191.9 165.9 q 190.5 165.75 190.35 167.25 q 190.2 168.75 191.6 168.9 l 201.3 169.85 q 202.75 170 202.9 168.5 q 203.05 167 201.6 166.85 c
f #000 1 m 202.05 97.85 l 194.15 95.4 q 192.75 95 192.25 96.4 q 191.7 97.8 193.1 98.25 l 201 100.65 q 202.4 101.05 202.9 99.65 q 203.45 98.25 202.05 97.85 c
f #000 1 m 249.45 86.5 l 255.3 79.85 q 256.25 78.75 255.05 77.9 q 253.8 77.05 252.85 78.1 l 247 84.8 q 246.05 85.9 247.3 86.75 q 248.5 87.6 249.45 86.5 c
f #000 1 m 262.9 182.9 q 270.85 192.2 273.95 194.95 q 282.35 202.6 286.55 199.75 q 289.75 197.55 289.05 193.85 q 288.45 190.6 285.55 188.05 q 282.35 185.3 276.5 183.05 q 269.85 180.8 266.75 179.45 q 265.4 178.9 264.9 180.3 q 264.8 180.45 264.8 180.65 q 263.95 180.05 263.05 180.85 q 261.95 181.8 262.9 182.9 m 266.55 182.6 q 270.7 184.35 278.45 187.25 q 283.05 189.35 285.25 191.95 q 286.4 193.35 286.1 195.35 q 285.7 197.55 283.75 197.55 q 280.3 197.5 272.65 189.55 l 266.55 182.6 h c
f #f6e46a 1 m 264 181.95 q 273.75 192.85 275.45 194.35 q 285.4 203.1 287.6 195.55 q 288.85 190.65 279.45 186.05 q 268.6 181.9 266.2 180.85 l 264 181.95 c
f #000 1 m 313 115.65 q 312 111.9 308 111.7 q 304.5 111.45 301.55 113.7 q 298.1 116.35 294.85 121.9 q 291.4 128.25 289.55 131.1 q 288.8 132.35 290 133.2 q 290.15 133.3 290.35 133.4 q 289.8 134.05 290.3 135.1 q 290.9 136.45 292.15 135.7 q 302.45 129.3 305.3 127.2 q 314.3 120.55 313 115.65 m 308.8 115 q 310.5 116 310.1 117.65 q 309.25 120.95 300.75 126.85 l 292.6 131.9 q 295.15 127.8 299.6 120.3 q 302.6 116.05 305.65 114.7 q 307.15 114.05 308.8 115 h c
f #000 1 m 291.5 134.35 q 303.6 126.7 305.6 125.1 q 315.9 116.75 308.8 113.35 q 304.2 111.3 298.1 119.85 q 292.25 129.85 290.8 132 l 291.5 134.35 c
f #000 1 m 265.7 90.1 q 278.2 89.15 281.55 88.55 q 292.15 86.55 293.05 81.95 q 293.8 78.25 290.6 76.15 q 287.75 74.3 284.15 74.85 q 279.8 75.55 274.3 79 q 268.2 83.15 265.2 84.9 q 263.95 85.6 264.6 86.95 q 264.65 87.1 264.75 87.25 q 263.75 87.5 264 88.75 q 264.3 90.2 265.7 90.1 m 267.4 87.05 q 271.6 84.55 279.1 79.85 q 284.75 76.9 288.05 77.95 q 290.2 78.6 290.1 80.5 q 290 82.25 288.3 83.3 q 284.2 85.8 277.05 86.55 q 270.95 86.8 267.4 87.05 h c
f #f6e46a 1 m 265.4 88.65 q 279.95 87.35 282.2 86.9 q 295.15 84.15 290.4 77.9 q 287.25 74 277.95 78.8 q 268.15 85 265.85 86.25 l 265.4 88.65 c
f #000 1 m 233.4 67.1 q 231.75 63.45 227.6 64.05 q 224.05 64.55 221.4 67.3 q 218.55 70.3 215.9 75.7 q 213.15 81.9 211.6 84.85 q 210.9 86.1 212.15 86.95 q 212.3 87.05 212.45 87.1 q 211.7 87.85 212.55 88.85 q 213.55 89.95 214.7 89.1 q 225.3 81.25 227.7 79.05 q 235.55 71.85 233.4 67.1 m 229.4 67.3 q 231.3 68.2 230.85 70.05 q 230 73.6 221.85 80.15 q 217.4 83.4 214.6 85.45 q 216.7 81.3 220.35 73.85 q 223.25 68.95 226 67.35 q 227.55 66.45 229.4 67.3 h c
f #f6e46a 1 m 213.7 88 q 225.5 79.05 227 77.6 q 236.6 68.45 229.25 65.65 q 224.5 64 219.15 73 q 214.1 83.45 212.8 85.7 l 213.7 88 c
f #000 1 m 183.2 131.7 q 170.95 129.35 167.5 129.05 q 156.8 128.05 154.65 132.35 q 153 135.7 155.5 138.55 q 157.75 141.15 161.35 141.55 q 165.7 142.05 171.95 140.2 q 175.5 139.15 182.25 136.9 q 183.65 136.55 183.4 135.05 q 183.35 134.85 183.3 134.7 q 184.4 134.7 184.5 133.5 q 184.65 132 183.2 131.7 m 171.3 132.2 q 174.75 132.8 180.9 134.2 q 172.15 137.05 167.55 138.05 q 161.2 139.35 158.4 137.55 q 156.55 136.3 157.15 134.5 q 157.7 132.85 159.55 132.3 q 164.15 131 171.3 132.2 h c
f #000 1 m 183.05 133.2 q 169.05 130.6 166.45 130.45 q 153.2 129.6 156.1 136.9 q 158.15 141.55 168.4 139.4 q 173.8 138.25 182 135.4 l 183.05 133.2 c
f #000 1 m 189.85 174.2 q 179.25 176.05 178.35 180.7 q 177.6 184.4 180.75 186.5 q 183.6 188.4 187.2 187.85 q 191.55 187.2 197.1 183.8 q 200.25 181.85 206.2 177.9 q 207.45 177.2 206.8 175.85 q 206.7 175.65 206.6 175.55 q 207.65 175.25 207.45 174.05 q 207.2 172.6 205.75 172.65 q 193.25 173.6 189.85 174.2 m 192.25 182.85 q 186.6 185.8 183.3 184.75 q 181.2 184.1 181.3 182.2 q 181.4 180.45 183.1 179.4 q 187.2 176.95 194.35 176.25 q 197.85 175.9 204.15 175.65 q 196.5 180.65 192.25 182.85 h c
f #f6e46a 1 m 189.2 175.85 q 176.2 178.5 180.95 184.75 q 184.1 188.7 193.45 183.95 q 198.4 181.45 205.55 176.55 l 206 174.15 q 192.2 175.25 189.2 175.85 c
f 0 0 s 3 #000 1 m 183.15 134.2 l 210.2 87.35 l 264.3 87.35 l 291.4 134.2 l 264.3 181.1 l 210.2 181.1 l 183.15 134.2
f #9dd00b 1 m 26.3 -42.6 l -27.8 -42.6 l -54.85 4.25 l -27.8 51.15 l 26.3 51.15 l 53.4 4.25 l 26.3 -42.6 c
f #000 1 m 9.25 -15.85 q 9 -16 8.7 -16.05 q 8.15 -16 7.65 -15.6 q 6.9 -15.05 6.8 -14.2 q 6.5 -13.7 6.35 -13.15 q 5.65 -10.95 7.65 -10.05 q 12.3 -7.95 12.65 -13 q 12.8 -16.1 9.25 -15.85 c
f #000 1 m 325.35 308.1 q 326.9 304.65 324.3 301.9 q 321.95 299.45 318.3 299.15 q 313.9 298.85 307.8 301 q 300.95 303.7 297.65 304.75 q 296.3 305.15 296.55 306.65 q 296.55 306.8 296.6 306.95 q 295.6 307 295.5 308.25 q 295.4 309.75 296.8 309.95 q 308.6 311.75 312.65 311.9 q 323.4 312.5 325.35 308.1 m 320.75 308.2 q 316.45 310 309 309.05 q 302.75 307.9 299.2 307.35 q 303.85 305.8 312.15 302.95 q 318.45 301.3 321.3 303 q 323.15 304.05 322.8 305.85 q 322.5 307.45 320.75 308.2 h c
f #000 1 m 220.9 326.45 q 219.45 326.45 219.35 327.95 q 219.2 329.4 220.65 329.4 l 261.15 329.4 q 262.6 329.4 262.7 327.95 q 262.85 326.45 261.4 326.45 l 220.9 326.45 c
f #000 1 m 253 288.15 q 252 287.15 250.85 288.1 q 249.7 289.05 250.7 290.05 l 263.35 302.7 q 264.35 303.7 265.5 302.75 q 266.65 301.8 265.6 300.75 l 253 288.15 c
f #000 1 m 264.85 290.25 q 265.85 289.25 264.9 288.1 q 263.95 286.95 262.9 287.95 l 250.3 300.6 q 249.3 301.6 250.25 302.75 q 251.2 303.9 252.25 302.9 l 264.85 290.25 c
f #000 1 m 289 292.2 l 297.95 286.8 q 299.2 286.1 298.55 284.7 q 297.9 283.35 296.65 284.1 l 287.7 289.5 q 286.5 290.25 287.15 291.6 q 287.75 292.95 289 292.2 c
f #000 1 m 299.35 322.95 l 291.7 318.7 q 290.45 318 289.6 319.25 q 288.75 320.5 290 321.15 l 297.65 325.4 q 298.9 326.1 299.75 324.85 q 300.6 323.6 299.35 322.95 c
f #000 1 m 254.4 364.85 l 254.4 356.4 q 254.4 354.95 252.9 354.8 q 251.4 354.65 251.4 356.1 l 251.4 364.55 q 251.4 366 252.9 366.15 q 254.4 366.3 254.4 364.85 c
f #000 1 m 270 354.7 q 269.85 354.8 269.8 355 q 269.2 354.2 268.1 354.75 q 266.75 355.4 267.35 356.7 q 272.85 368 274.5 370.75 q 280.5 380.35 285.4 379.3 q 289.25 378.45 289.65 374.4 q 289.95 370.9 287.9 367.8 q 285.6 364.2 280.5 360.5 q 274.65 356.5 272 354.35 q 270.85 353.45 270 354.7 m 274.9 365.45 q 274.5 364.7 271 357.35 q 274.95 360.45 282.35 366 q 286.35 369.7 286.9 372.75 q 287.2 374.4 285.95 375.55 q 284.65 376.75 283.15 376.15 q 279.95 374.85 274.9 365.45 h c
f #a3996b 1 m 268.7 356.05 q 274.6 368.25 276.45 371.05 q 283.7 382.15 287.8 375.45 q 290.3 371.05 282.45 364.15 q 273.15 357.25 271.1 355.6 l 268.7 356.05 c
f #a3996b 1 m 296.95 308.45 q 310.45 310.4 313.7 310.45 q 326.95 310.7 323.7 303.55 q 321.45 299 311.35 301.6 q 300.4 305.5 297.9 306.2 l 296.95 308.45 c
f #000 1 m 279.7 236.55 q 276.45 237.6 274.3 240.55 q 271.8 243.95 270.05 249.85 q 269.05 253.15 267.2 259.7 q 266.7 261.05 268.1 261.55 q 268.3 261.6 268.5 261.65 q 268.05 262.45 268.8 263.35 q 269.8 264.5 270.8 263.45 q 278.3 256.8 282.2 252.05 q 289.4 243.3 285.75 238.35 q 283.5 235.3 279.7 236.55 m 278.1 240.6 q 279.4 239.25 281.6 239.4 q 283.9 239.55 283.95 241.65 q 284 244.2 281.45 247.7 q 281.05 248.25 277.1 252.85 q 272.85 257.1 270.25 259.75 q 272.4 252.05 273.85 248.15 q 275.75 243 278.1 240.6 h c
f #a3996b 1 m 281.7 237.85 q 276.7 236.95 272.85 246.65 q 270.75 251.8 268.6 260.2 l 269.85 262.3 q 279.45 252.5 281.35 250 q 289.4 239.5 281.7 237.85 c
f #000 1 m 198.25 239.05 q 194.3 240 194.15 244.2 q 194.05 247.8 196.4 250.85 q 199 254.2 204.2 257.55 q 207.15 259.4 213.05 263 q 214.2 263.85 215.05 262.6 q 215.15 262.4 215.25 262.25 q 215.9 262.9 216.95 262.4 q 218.3 261.75 217.6 260.5 q 211.75 250.25 209.8 247.35 q 203.25 237.85 198.25 239.05 m 197.3 246.8 q 196.5 245.25 197.4 243.45 q 198.35 241.5 200.15 242 q 202.8 242.7 205.6 246.3 q 206.55 247.5 209.5 252.3 q 211.15 254.95 213.95 260.05 q 206.45 255.5 202.85 252.8 q 198.7 249.7 197.3 246.8 h c
f #a3996b 1 m 213.9 261.8 l 216.25 261.15 q 209 248.7 207.5 246.75 q 199.55 236.15 195.9 243.1 q 193.7 247.65 202 254.05 q 206.4 257.4 213.9 261.8 c
f #a3996b 1 m 188.3 307.3 q 174.3 304.75 171.65 304.55 q 158.4 303.7 161.35 311 q 163.35 315.65 173.6 313.5 q 179.05 312.35 187.2 309.5 l 188.3 307.3 c
f #000 1 m 202.25 365.25 q 194.65 374.25 197.8 378.45 q 200.2 381.65 203.95 380.7 q 207.2 379.9 209.55 376.7 q 212.05 373.35 213.9 367.5 q 215.8 360.8 216.9 357.65 q 217.4 356.3 216 355.8 q 215.75 355.7 215.6 355.65 q 216 354.85 215.3 354 q 214.35 352.9 213.3 353.9 q 204.45 362.65 202.25 365.25 m 202.3 377.85 q 199.95 377.7 199.9 375.65 q 199.75 371.95 207.55 363.75 q 207.95 363.3 213.75 357.6 q 212.3 361.65 210.05 369.15 q 208.15 374.25 205.75 376.65 q 204.5 377.95 202.3 377.85 h c
f #a3996b 1 m 214.3 355 q 204.35 364.95 202.6 367.2 q 194.45 377.6 202.1 379.35 q 207.05 380.3 211.05 370.65 q 214.6 359.6 215.5 357.15 l 214.3 355 c
f #bbc9cb 1 m 188.35 308.3 l 215.4 355.2 l 269.55 355.2 l 296.6 308.3 l 269.55 261.45 l 215.4 261.45 l 188.35 308.3 c
f 0 0 s 3 #000 1 m 423.5 328.45 l 432.45 319.5 l 439.85 326.9 l 448.6 318.15 l 458.15 327.7 l 465.55 320.3 l 471.85 326.6
f 0 0 s 1 #000 1 m 465.05 293.9 q 465.05 295.25 464.1 296.25 q 463.1 297.2 461.75 297.2 q 460.35 297.2 459.4 296.25 q 458.4 295.25 458.4 293.9 q 458.4 292.5 459.4 291.55 q 460.35 290.55 461.75 290.55 q 463.1 290.55 464.1 291.55 q 465.05 292.5 465.05 293.9
f #000 1 m 470.2 288.2 l 463.05 281 q 462 280 460.85 280.95 q 459.7 281.95 460.75 282.95 l 467.95 290.15 q 468.95 291.15 470.1 290.2 q 471.25 289.2 470.2 288.2 c
f #000 1 m 455.45 290.6 l 462.65 283.45 q 463.65 282.45 462.7 281.3 q 461.7 280.15 460.7 281.15 l 453.5 288.35 q 452.5 289.35 453.45 290.5 q 454.4 291.65 455.45 290.6 c
f #f6e46a 1 m 474 354.95 q 479.95 367.2 481.75 369.95 q 489 381.05 493.1 374.35 q 495.6 369.95 487.75 363.05 q 478.45 356.15 476.4 354.5 l 474 354.95 c
f #f6e46a 1 m 502.2 307.35 q 515.9 309.3 518.95 309.35 q 532.2 309.6 529 302.45 q 526.75 297.9 516.65 300.5 q 505.7 304.4 503.2 305.1 l 502.2 307.35 c
f #000 1 m 485 235.45 q 481.75 236.5 479.55 239.45 q 477.1 242.85 475.35 248.75 q 474.35 252.05 472.45 258.6 q 472 259.95 473.4 260.5 q 473.55 260.55 473.75 260.6 q 473.35 261.35 474.1 262.25 q 475.05 263.4 476.1 262.35 q 477.25 261.2 481.2 257.55 q 485.15 253.8 487.5 250.95 q 494.7 242.2 491.05 237.25 q 488.8 234.2 485 235.45 m 479.15 247.05 q 481.05 241.9 483.35 239.5 q 484.65 238.15 486.85 238.3 q 489.2 238.45 489.25 240.55 q 489.3 243.1 486.75 246.6 q 486.35 247.15 482.4 251.75 q 478.1 256.05 475.5 258.7 q 477.7 250.95 479.15 247.05 h c
f #f6e46a 1 m 473.85 259.1 l 475.1 261.25 q 485.3 250.65 486.65 248.95 q 494.7 238.4 487 236.75 q 482 235.85 478.1 245.55 q 476.05 250.75 473.85 259.1 c
f #000 1 m 422.25 261.3 q 423.6 260.7 422.9 259.45 q 416.55 248.4 415.1 246.25 q 408.55 236.75 403.55 237.95 q 399.6 238.95 399.45 243.1 q 399.35 246.7 401.7 249.75 q 404.3 253.15 409.5 256.45 q 412.45 258.35 418.3 261.9 q 419.5 262.7 420.35 261.5 q 420.45 261.3 420.55 261.15 q 421.2 261.8 422.25 261.3 m 419.25 258.95 q 411.75 254.45 408.15 251.7 q 404.1 248.75 402.6 245.7 q 401.8 244.15 402.7 242.35 q 403.65 240.4 405.45 240.9 q 408.9 241.85 414.8 251.2 q 416.45 253.85 419.25 258.95 h c
f #f6e46a 1 m 407.25 252.95 q 411.7 256.3 419.15 260.7 l 421.55 260.05 q 414.3 247.6 412.8 245.65 q 404.85 235.05 401.2 242 q 398.95 246.55 407.25 252.95 c
f #f6e46a 1 m 393.6 306.2 q 379.65 303.65 376.95 303.45 q 363.7 302.65 366.65 309.95 q 368.65 314.55 378.9 312.4 q 384.3 311.25 392.5 308.4 l 393.6 306.2 c
f #000 1 m 422.2 356.6 q 422.7 355.2 421.3 354.7 q 421.05 354.6 420.9 354.6 q 421.3 353.8 420.6 352.95 q 419.65 351.8 418.6 352.8 q 410.25 360.9 407.55 364.15 q 399.9 373.2 403.05 377.35 q 405.5 380.55 409.25 379.6 q 412.5 378.8 414.85 375.65 q 417.35 372.25 419.2 366.4 q 421.1 359.75 422.2 356.6 m 407.95 368.1 q 408.6 367.3 412.8 362.65 q 414.9 360.35 419.05 356.45 q 417.6 360.55 415.35 368.05 q 413.45 373.15 411.05 375.55 q 409.75 376.9 407.6 376.75 q 405.25 376.65 405.2 374.55 q 405.1 371.85 407.95 368.1 h c
f #f6e46a 1 m 419.55 353.95 q 409.7 363.8 407.9 366.1 q 399.75 376.55 407.4 378.25 q 412.35 379.2 416.35 369.55 q 419.9 358.5 420.8 356.05 l 419.55 353.95 c
f #000 1 m 389.1 309.2 q 391.75 309.2 391.75 306.35 q 391.75 303.5 389.1 303.5 q 386.45 303.5 386.45 306.35 q 386.45 309.2 389.1 309.2 c
f #000 1 m 403.25 303.8 q 403.25 305.3 404.15 306.4 q 405.1 307.45 406.4 307.45 q 407.7 307.45 408.65 306.4 q 409.55 305.3 409.55 303.8 q 409.55 300.15 406.4 300.15 q 403.25 300.15 403.25 303.8 c
f #000 1 m 392.2 315.75 q 389.9 315.85 387.1 319.9 q 386.55 320.7 387.35 321.25 q 388.2 321.8 388.75 321 q 390.55 318.45 391.3 318.05 q 392.6 317.3 395.85 318.85 q 397.35 319.6 398.95 318.8 q 399.5 318.55 401.6 316.7 q 403.55 315.3 404.3 316.45 q 405 317.5 406.2 319.45 q 406.9 320.1 407.65 319.45 q 408.4 318.8 407.7 318.15 q 406.45 315.2 405.2 314.5 q 403.5 313.5 400.05 315.35 q 399.05 316.25 398.5 316.65 q 397.55 317.35 396.55 317 q 393.1 315.7 392.2 315.75 c
f 0 0 s 1 #000 1 m 392.3 303 q 393.25 305.45 392.55 307.75 q 391.8 310.05 389.85 310.8 q 387.85 311.55 385.85 310.35 q 383.8 309.15 382.85 306.65 q 381.9 304.2 382.65 301.9 q 383.35 299.65 385.3 298.9 q 387.3 298.15 389.35 299.35 q 391.35 300.55 392.3 303
f #fcf5ae 1 m 392.55 307.75 q 393.25 305.45 392.3 303 q 391.35 300.55 389.35 299.35 q 387.3 298.15 385.3 298.9 q 383.35 299.65 382.65 301.9 q 381.9 304.2 382.85 306.65 q 383.8 309.15 385.85 310.35 q 387.85 311.55 389.85 310.8 q 391.8 310.05 392.55 307.75 c
f 0 0 s 1 #000 1 m 409.25 296.65 q 410.95 298.95 410.95 302.15 q 410.95 305.4 409.25 307.65 q 407.55 309.95 405.15 309.95 q 402.7 309.95 401 307.65 q 399.3 305.4 399.3 302.15 q 399.3 298.9 401 296.65 q 402.7 294.35 405.15 294.35 q 407.55 294.35 409.25 296.65
f #fcf5ae 1 m 409.25 296.65 q 407.55 294.35 405.15 294.35 q 402.7 294.35 401 296.65 q 399.3 298.9 399.3 302.15 q 399.3 305.4 401 307.65 q 402.7 309.95 405.15 309.95 q 407.55 309.95 409.25 307.65 q 410.95 305.4 410.95 302.15 q 410.95 298.95 409.25 296.65 c
f 0 0 s 2 #000 1 m 385.8 285.2 l 388.1 292.65
f 0 0 s 2 #000 1 m 398.85 289.75 q 408.8 289 416.3 294.4 q 423.75 299.85 424.4 308.2 q 425 316.6 418.4 323.05 q 411.8 329.5 401.85 330.25 q 391.85 330.95 384.4 325.55 q 376.9 320.15 376.3 311.8 q 375.65 303.4 382.25 296.95 q 388.85 290.5 398.85 289.75
f #f6a780 1 m 398.85 289.75 q 388.85 290.5 382.25 296.95 q 375.65 303.4 376.3 311.8 q 376.9 320.15 384.4 325.55 q 391.85 330.95 401.85 330.25 q 411.8 329.5 418.4 323.05 q 425 316.6 424.4 308.2 q 423.75 299.85 416.3 294.4 q 408.8 289 398.85 289.75 c
f 0 0 s 2 #000 1 m 406.95 282.55 l 406.7 290.35
f 0 0 s 2 #000 1 m 391.7 282.95 l 380.05 286.55 l 376.45 274.9 l 388.1 271.3 l 391.7 282.95
f #d4eff5 1 m 380.05 286.55 l 391.7 282.95 l 388.1 271.3 l 376.45 274.9 l 380.05 286.55 c
f 0 0 s 2 #000 1 m 413.35 282.1 l 401.15 282.45 l 400.8 270.25 l 413 269.9 l 413.35 282.1
f #d4eff5 1 m 413.35 282.1 l 413 269.9 l 400.8 270.25 l 401.15 282.45 l 413.35 282.1 c
f #000 1 m 301.55 319.3 q 301.1 319.35 297.95 321.15 q 296.95 321.75 296 320.35 q 295.15 318.65 294.85 318.3 q 292.35 314.95 288.6 317.75 q 287.1 318.85 284.75 320.85 q 284.15 314.35 281.45 313.35 q 278.75 312.35 274.7 315.3 q 272.45 316.95 268.85 319.95 q 266.1 321.65 265.55 321.8 q 263.8 322.25 263.45 319.7 q 263.15 317.3 260.85 315.35 q 257.6 312.6 250.85 317.4 q 249.65 318.25 250.65 319.4 q 251.6 320.55 252.8 319.7 q 259.5 314.85 260.5 320.25 q 260.9 322.55 261.25 323.45 q 261.9 325.5 264.8 325.4 q 266.6 325.3 271.95 321.5 q 274.9 319.45 276.6 318 q 279.55 315.45 280.95 318.4 q 281.9 320.35 281.95 323.75 q 282 324.65 282.6 325.1 q 283.3 325.65 284.1 325.25 q 286.15 324.3 289 321.15 q 290.65 319.4 292.15 320.5 l 294.35 323.2 q 295.65 324.75 297.85 324.4 q 298.5 324.3 300.25 323.25 q 303.1 321.55 306.3 324.4 q 307.4 325.35 308.25 324.15 q 309.1 322.95 308.05 321.95 q 304.65 319 301.55 319.3 c
f 0 0 s 1 #000 1 m 290.9 300.4 q 281.4 304.45 280.45 304.7 q 272.7 306.7 271.3 301.3
f 0 0 s 1 #000 1 m 269.6 293.3 q 279.2 288.6 282.7 290.1 q 285.4 291.3 292.9 298.7
f 0 0 s 1 #000 1 m 281.25 293.55 q 282.5 295 282.5 297.1 q 282.5 299.15 281.25 300.65 q 279.95 302.1 278.15 302.1 q 276.3 302.1 275.05 300.65 q 273.75 299.15 273.75 297.1 q 273.75 295 275.05 293.55 q 276.3 292.1 278.15 292.1 q 279.95 292.1 281.25 293.55
f 0 0 s 2 #000 1 m 311 277.85 l 311 281.8
f 0 0 s 2 #000 1 m 394.65 281.1 l 393.95 285.55
f 0 0 s 2 #000 1 m 374.1 279.45 l 374.1 284.15
f 0 0 s 2 #000 1 m 352.6 279 l 352.35 283.45
f 0 0 s 2 #000 1 m 331.8 278.05 l 331.3 282.25
f 0 0 s 2 #000 1 m 289.25 276.9 l 289 281.55
f 0 0 s 2 #000 1 m 269.65 280.65 l 270.55 284.4
f #000 1 m 393.2 284.2 q 386.35 283.1 376.4 282.9 q 365.1 282.8 359.5 282.6 q 329.5 281.75 314.55 281.2 q 289.45 280.25 279.5 281.7 q 259.9 284.55 248.85 296.6 q 243.95 302 243.65 308.05 q 243.3 314.25 247.8 319.8 q 254.8 328.5 275.1 332.55 q 288.2 335.15 320.15 337.05 q 359.6 339.4 373.05 339.55 q 392.3 339.85 392.6 339.85 q 404.05 339.5 411.7 336.55 q 425 331.45 426.1 313.6 q 426.1 313.15 426 312.85 q 426 300.35 416 292.8 q 407.6 286.45 393.2 284.2 m 380.75 286.1 q 392.7 286.7 400.7 288.7 q 423.65 294.45 423.05 313.5 q 423 313.8 423.1 314.05 q 421.65 332 404.45 335.55 q 400.3 336.4 385.25 336.65 q 373.75 336.7 359.4 336.3 q 347.35 335.95 310.85 333.45 q 283.85 331.75 270.3 328.45 q 259.55 325.8 252.95 320.65 q 244 313.65 247.3 304.45 q 250 296.85 259.45 291.35 q 267.1 286.9 276.5 285.1 q 285.1 283.45 296.85 283.55 q 303.7 283.6 317.25 284.3 q 332.5 284.8 362.9 285.65 q 367.85 285.8 380.75 286.1 h c
f #faa781 1 m 337.4 336.7 q 366.8 338.6 395.05 337.95 q 408.65 337.6 415.65 332.8 q 424.05 326.9 424.65 313.5 l 424.5 313.65 q 425.35 297.2 408.4 289.85 q 396.35 284.6 377.55 284.6 q 339.1 283.3 320.3 282.9 q 293.35 282.15 292.75 282.2 q 276.1 282.45 266.5 286.3 q 255.3 290.9 249 298.75 q 241 308.75 248.15 317.9 q 257.05 329.6 287.85 332.85 q 304.1 335 337.4 336.7 c
f 0 0 s 2 #000 1 m 316.9 277.9 l 304.7 277.35 l 305.3 265.15 l 317.5 265.75 l 316.9 277.9
f #d4eff5 1 m 304.7 277.35 l 316.9 277.9 l 317.5 265.75 l 305.3 265.15 l 304.7 277.35 c
f 0 0 s 2 #000 1 m 400.9 282.2 l 388.85 280.3 l 390.75 268.25 l 402.8 270.15 l 400.9 282.2
f #d4eff5 1 m 388.85 280.3 l 400.9 282.2 l 402.8 270.15 l 390.75 268.25 l 388.85 280.3 c
f 0 0 s 2 #000 1 m 380.45 279.85 l 368.25 279.8 l 368.35 267.6 l 380.55 267.65 l 380.45 279.85
f #000 1 m 451.65 314.15 q 455.9 313.35 471.85 307.7 q 484.2 303.3 492.35 303.6 q 500.45 303.9 510.4 308.75 q 510.55 308.85 526.9 318 q 542.65 326.85 562.25 329.85 q 563.65 330.1 563.8 328.6 q 563.95 327.1 562.55 326.85 q 543.45 324.05 525.9 314 q 515.3 308 511.35 306.1 q 502.95 302.1 495.65 300.9 q 488.3 299.7 478.6 302.45 q 467.6 306.35 462.25 308.15 q 437.8 316.5 425.65 308.85 q 424.45 308.05 423.6 309.3 q 422.7 310.5 423.95 311.25 q 433.9 317.55 451.65 314.15 c
f #c00 1 m 313.4 751.4 q 314 750.8 314 750 l 314 744 q 314 743.15 313.4 742.55 q 312.8 741.95 312 742 q 311.15 741.95 310.55 742.55 q 309.95 743.15 310 744 l 310 750 q 309.95 750.8 310.55 751.4 q 311.15 752 312 752 q 312.8 752 313.4 751.4 c f #c00 1 m 312 740 q 312.8 740 313.4 739.4 q 314 738.8 314 738 l 314 732 q 314 731.15 313.4 730.55 q 312.8 729.95 312 730 q 311.15 729.95 310.55 730.55 q 309.95 731.15 310 732 l 310 738 q 309.95 738.8 310.55 739.4 q 311.15 740 312 740 c f #c00 1 m 314 726 l 314 720 q 314 719.15 313.4 718.55 q 312.8 717.95 312 718 q 311.15 717.95 310.55 718.55 q 309.95 719.15 310 720 l 310 726 q 309.95 726.8 310.55 727.4 q 311.15 728 312 728 q 312.8 728 313.4 727.4 q 314 726.8 314 726 c f #c00 1 m 312 716 q 312.8 716 313.4 715.4 q 314 714.8 314 714 l 314 708 q 314 707.15 313.4 706.55 q 312.8 705.95 312 706 q 311.15 705.95 310.55 706.55 q 309.95 707.15 310 708 l 310 714 q 309.95 714.8 310.55 715.4 q 311.15 716 312 716 c f #c00 1 m 314 702 l 314 696 q 314 695.15 313.4 694.55 q 312.8 693.95 312 694 q 311.15 693.95 310.55 694.55 q 309.95 695.15 310 696 l 310 702 q 309.95 702.8 310.55 703.4 q 311.15 704 312 704 q 312.8 704 313.4 703.4 q 314 702.8 314 702 c f #c00 1 m 312 692 q 312.8 692 313.4 691.4 q 314 690.8 314 690 l 314 684 q 314 683.15 313.4 682.55 q 312.8 681.95 312 682 q 311.15 681.95 310.55 682.55 q 309.95 683.15 310 684 l 310 690 q 309.95 690.8 310.55 691.4 q 311.15 692 312 692 c f #c00 1 m 314 678 l 314 672 q 314 671.15 313.4 670.55 q 312.8 669.95 312 670 q 311.15 669.95 310.55 670.55 q 309.95 671.15 310 672 l 310 678 q 309.95 678.8 310.55 679.4 q 311.15 680 312 680 q 312.8 680 313.4 679.4 q 314 678.8 314 678 c f #c00 1 m 312 668 q 312.8 668 313.4 667.4 q 314 666.8 314 666 l 314 660 q 314 659.15 313.4 658.55 q 312.8 657.95 312 658 q 311.15 657.95 310.55 658.55 q 309.95 659.15 310 660 l 310 666 q 309.95 666.8 310.55 667.4 q 311.15 668 312 668 c f #c00 1 m 314 654 l 314 648 q 314 647.15 313.4 646.55 q 312.8 645.95 312 646 q 311.15 645.95 310.55 646.55 q 309.95 647.15 310 648 l 310 654 q 309.95 654.8 310.55 655.4 q 311.15 656 312 656 q 312.8 656 313.4 655.4 q 314 654.8 314 654 c f #c00 1 m 310 642 q 309.95 642.8 310.55 643.4 q 311.15 644 312 644 q 312.8 644 313.4 643.4 q 314 642.8 314 642 l 314 636 q 314 635.15 313.4 634.55 q 312.8 633.95 312 634 q 311.15 633.95 310.55 634.55 q 309.95 635.15 310 636 l 310 642 c f #c00 1 m 314 630 l 314 624 q 314 623.15 313.4 622.55 q 312.8 621.95 312 622 q 311.15 621.95 310.55 622.55 q 309.95 623.15 310 624 l 310 630 q 309.95 630.8 310.55 631.4 q 311.15 632 312 632 q 312.8 632 313.4 631.4 q 314 630.8 314 630 c f #c00 1 m 310 612 l 310 618 q 309.95 618.8 310.55 619.4 q 311.15 620 312 620 q 312.8 620 313.4 619.4 q 314 618.8 314 618 l 314 612 q 314 611.15 313.4 610.55 q 312.8 609.95 312 610 q 311.15 609.95 310.55 610.55 q 309.95 611.15 310 612 c f #c00 1 m 314 606 l 314 600 q 314 599.15 313.4 598.55 q 312.8 597.95 312 598 q 311.15 597.95 310.55 598.55 q 309.95 599.15 310 600 l 310 606 q 309.95 606.8 310.55 607.4 q 311.15 608 312 608 q 312.8 608 313.4 607.4 q 314 606.8 314 606 c f #c00 1 m 313.4 586.55 q 312.8 585.95 312 586 q 311.15 585.95 310.55 586.55 q 309.95 587.15 310 588 l 310 594 q 309.95 594.8 310.55 595.4 q 311.15 596 312 596 q 312.8 596 313.4 595.4 q 314 594.8 314 594 l 314 588 q 314 587.15 313.4 586.55 c f #c00 1 m 310.55 574.55 q 309.95 575.15 310 576 l 310 582 q 309.95 582.8 310.55 583.4 q 311.15 584 312 584 q 312.8 584 313.4 583.4 q 314 582.8 314 582 l 314 576 q 314 575.15 313.4 574.55 q 312.8 573.95 312 574 q 311.15 573.95 310.55 574.55 c f #c00 1 m 313.4 562.55 q 312.8 561.95 312 562 q 311.15 561.95 310.55 562.55 q 309.95 563.15 310 564 l 310 570 q 309.95 570.8 310.55 571.4 q 311.15 572 312 572 q 312.8 572 313.4 571.4 q 314 570.8 314 570 l 314 564 q 314 563.15 313.4 562.55 c f #c00 1 m 310.55 550.55 q 309.95 551.15 310 552 l 310 558 q 309.95 558.8 310.55 559.4 q 311.15 560 312 560 q 312.8 560 313.4 559.4 q 314 558.8 314 558 l 314 552 q 314 551.15 313.4 550.55 q 312.8 549.95 312 550 q 311.15 549.95 310.55 550.55 c f #c00 1 m 313.4 538.55 q 312.8 537.95 312 538 q 311.15 537.95 310.55 538.55 q 309.95 539.15 310 540 l 310 546 q 309.95 546.8 310.55 547.4 q 311.15 548 312 548 q 312.8 548 313.4 547.4 q 314 546.8 314 546 l 314 540 q 314 539.15 313.4 538.55 c f #c00 1 m 310.55 526.55 q 309.95 527.15 310 528 l 310 534 q 309.95 534.8 310.55 535.4 q 311.15 536 312 536 q 312.8 536 313.4 535.4 q 314 534.8 314 534 l 314 528 q 314 527.15 313.4 526.55 q 312.8 525.95 312 526 q 311.15 525.95 310.55 526.55 c f #c00 1 m 313.4 514.55 q 312.8 513.95 312 514 q 311.15 513.95 310.55 514.55 q 309.95 515.15 310 516 l 310 522 q 309.95 522.8 310.55 523.4 q 311.15 524 312 524 q 312.8 524 313.4 523.4 q 314 522.8 314 522 l 314 516 q 314 515.15 313.4 514.55 c f #c00 1 m 310.55 502.55 q 309.95 503.15 310 504 l 310 510 q 309.95 510.8 310.55 511.4 q 311.15 512 312 512 q 312.8 512 313.4 511.4 q 314 510.8 314 510 l 314 504 q 314 503.15 313.4 502.55 q 312.8 501.95 312 502 q 311.15 501.95 310.55 502.55 c f #c00 1 m 313.4 490.55 q 312.8 489.95 312 490 q 311.15 489.95 310.55 490.55 q 309.95 491.15 310 492 l 310 498 q 309.95 498.8 310.55 499.4 q 311.15 500 312 500 q 312.8 500 313.4 499.4 q 314 498.8 314 498 l 314 492 q 314 491.15 313.4 490.55 c f #c00 1 m 310.55 478.55 q 309.95 479.15 310 480 l 310 486 q 309.95 486.8 310.55 487.4 q 311.15 488 312 488 q 312.8 488 313.4 487.4 q 314 486.8 314 486 l 314 480 q 314 479.15 313.4 478.55 q 312.8 477.95 312 478 q 311.15 477.95 310.55 478.55 c f #c00 1 m 313.4 466.55 q 312.8 465.95 312 466 q 311.15 465.95 310.55 466.55 q 309.95 467.15 310 468 l 310 474 q 309.95 474.8 310.55 475.4 q 311.15 476 312 476 q 312.8 476 313.4 475.4 q 314 474.8 314 474 l 314 468 q 314 467.15 313.4 466.55 c f #c00 1 m 310.55 454.55 q 309.95 455.15 310 456 l 310 462 q 309.95 462.8 310.55 463.4 q 311.15 464 312 464 q 312.8 464 313.4 463.4 q 314 462.8 314 462 l 314 456 q 314 455.15 313.4 454.55 q 312.8 453.95 312 454 q 311.15 453.95 310.55 454.55 c f #c00 1 m 313.4 442.55 q 312.8 441.95 312 442 q 311.15 441.95 310.55 442.55 q 309.95 443.15 310 444 l 310 450 q 309.95 450.8 310.55 451.4 q 311.15 452 312 452 q 312.8 452 313.4 451.4 q 314 450.8 314 450 l 314 444 q 314 443.15 313.4 442.55 c f #c00 1 m 310.55 430.55 q 309.95 431.15 310 432 l 310 438 q 309.95 438.8 310.55 439.4 q 311.15 440 312 440 q 312.8 440 313.4 439.4 q 314 438.8 314 438 l 314 432 q 314 431.15 313.4 430.55 q 312.8 429.95 312 430 q 311.15 429.95 310.55 430.55 c f #c00 1 m 313.4 418.55 q 312.8 417.95 312 418 q 311.15 417.95 310.55 418.55 q 309.95 419.15 310 420 l 310 426 q 309.95 426.8 310.55 427.4 q 311.15 428 312 428 q 312.8 428 313.4 427.4 q 314 426.8 314 426 l 314 420 q 314 419.15 313.4 418.55 c f #c00 1 m 310.55 406.55 q 309.95 407.15 310 408 l 310 414 q 309.95 414.8 310.55 415.4 q 311.15 416 312 416 q 312.8 416 313.4 415.4 q 314 414.8 314 414 l 314 408 q 314 407.15 313.4 406.55 q 312.8 405.95 312 406 q 311.15 405.95 310.55 406.55 c f #c00 1 m 313.4 394.55 q 312.8 393.95 312 394 q 311.15 393.95 310.55 394.55 q 309.95 395.15 310 396 l 310 402 q 309.95 402.8 310.55 403.4 q 311.15 404 312 404 q 312.8 404 313.4 403.4 q 314 402.8 314 402 l 314 396 q 314 395.15 313.4 394.55 c f #c00 1 m 312 382 q 311.15 381.95 310.55 382.55 q 309.95 383.15 310 384 l 310 390 q 309.95 390.8 310.55 391.4 q 311.15 392 312 392 q 312.8 392 313.4 391.4 q 314 390.8 314 390 l 314 384 q 314 383.15 313.4 382.55 q 312.8 381.95 312 382 c f #c00 1 m 313.4 370.55 q 312.8 369.95 312 370 q 311.15 369.95 310.55 370.55 q 309.95 371.15 310 372 l 310 378 q 309.95 378.8 310.55 379.4 q 311.15 380 312 380 q 312.8 380 313.4 379.4 q 314 378.8 314 378 l 314 372 q 314 371.15 313.4 370.55 c f #c00 1 m 312 358 q 311.15 357.95 310.55 358.55 q 309.95 359.15 310 360 l 310 366 q 309.95 366.8 310.55 367.4 q 311.15 368 312 368 q 312.8 368 313.4 367.4 q 314 366.8 314 366 l 314 360 q 314 359.15 313.4 358.55 q 312.8 357.95 312 358 c f #c00 1 m 314 354 l 314 348 q 314 347.15 313.4 346.55 q 312.8 345.95 312 346 q 311.15 345.95 310.55 346.55 q 309.95 347.15 310 348 l 310 354 q 309.95 354.8 310.55 355.4 q 311.15 356 312 356 q 312.8 356 313.4 355.4 q 314 354.8 314 354 c f #c00 1 m 312 344 q 312.8 344 313.4 343.4 q 314 342.8 314 342 l 314 336 q 314 335.15 313.4 334.55 q 312.8 333.95 312 334 q 311.15 333.95 310.55 334.55 q 309.95 335.15 310 336 l 310 342 q 309.95 342.8 310.55 343.4 q 311.15 344 312 344 c f #c00 1 m 314 330 l 314 324 q 314 323.15 313.4 322.55 q 312.8 321.95 312 322 q 311.15 321.95 310.55 322.55 q 309.95 323.15 310 324 l 310 330 q 309.95 330.8 310.55 331.4 q 311.15 332 312 332 q 312.8 332 313.4 331.4 q 314 330.8 314 330 c f #c00 1 m 312 320 q 312.8 320 313.4 319.4 q 314 318.8 314 318 l 314 312 q 314 311.15 313.4 310.55 q 312.8 309.95 312 310 q 311.15 309.95 310.55 310.55 q 309.95 311.15 310 312 l 310 318 q 309.95 318.8 310.55 319.4 q 311.15 320 312 320 c f #c00 1 m 314 306 l 314 300 q 314 299.15 313.4 298.55 q 312.8 297.95 312 298 q 311.15 297.95 310.55 298.55 q 309.95 299.15 310 300 l 310 306 q 309.95 306.8 310.55 307.4 q 311.15 308 312 308 q 312.8 308 313.4 307.4 q 314 306.8 314 306 c f #c00 1 m 312 296 q 312.8 296 313.4 295.4 q 314 294.8 314 294 l 314 288 q 314 287.15 313.4 286.55 q 312.8 285.95 312 286 q 311.15 285.95 310.55 286.55 q 309.95 287.15 310 288 l 310 294 q 309.95 294.8 310.55 295.4 q 311.15 296 312 296 c f #c00 1 m 314 282 l 314 276 q 314 275.15 313.4 274.55 q 312.8 273.95 312 274 q 311.15 273.95 310.55 274.55 q 309.95 275.15 310 276 l 310 282 q 309.95 282.8 310.55 283.4 q 311.15 284 312 284 q 312.8 284 313.4 283.4 q 314 282.8 314 282 c f #c00 1 m 312 272 q 312.8 272 313.4 271.4 q 314 270.8 314 270 l 314 264 q 314 263.15 313.4 262.55 q 312.8 261.95 312 262 q 311.15 261.95 310.55 262.55 q 309.95 263.15 310 264 l 310 270 q 309.95 270.8 310.55 271.4 q 311.15 272 312 272 c f #c00 1 m 314 258 l 314 252 q 314 251.15 313.4 250.55 q 312.8 249.95 312 250 q 311.15 249.95 310.55 250.55 q 309.95 251.15 310 252 l 310 258 q 309.95 258.8 310.55 259.4 q 311.15 260 312 260 q 312.8 260 313.4 259.4 q 314 258.8 314 258 c f #c00 1 m 310 246 q 309.95 246.8 310.55 247.4 q 311.15 248 312 248 q 312.8 248 313.4 247.4 q 314 246.8 314 246 l 314 240 q 314 239.15 313.4 238.55 q 312.8 237.95 312 238 q 311.15 237.95 310.55 238.55 q 309.95 239.15 310 240 l 310 246 c f #c00 1 m 314 234 l 314 228 q 314 227.15 313.4 226.55 q 312.8 225.95 312 226 q 311.15 225.95 310.55 226.55 q 309.95 227.15 310 228 l 310 234 q 309.95 234.8 310.55 235.4 q 311.15 236 312 236 q 312.8 236 313.4 235.4 q 314 234.8 314 234 c f #c00 1 m 310 216 l 310 222 q 309.95 222.8 310.55 223.4 q 311.15 224 312 224 q 312.8 224 313.4 223.4 q 314 222.8 314 222 l 314 216 q 314 215.15 313.4 214.55 q 312.8 213.95 312 214 q 311.15 213.95 310.55 214.55 q 309.95 215.15 310 216 c f #c00 1 m 314 210 l 314 204 q 314 203.15 313.4 202.55 q 312.8 201.95 312 202 q 311.15 201.95 310.55 202.55 q 309.95 203.15 310 204 l 310 210 q 309.95 210.8 310.55 211.4 q 311.15 212 312 212 q 312.8 212 313.4 211.4 q 314 210.8 314 210 c f #c00 1 m 313.4 190.55 q 312.8 189.95 312 190 q 311.15 189.95 310.55 190.55 q 309.95 191.15 310 192 l 310 198 q 309.95 198.8 310.55 199.4 q 311.15 200 312 200 q 312.8 200 313.4 199.4 q 314 198.8 314 198 l 314 192 q 314 191.15 313.4 190.55 c f #c00 1 m 310.55 178.55 q 309.95 179.15 310 180 l 310 186 q 309.95 186.8 310.55 187.4 q 311.15 188 312 188 q 312.8 188 313.4 187.4 q 314 186.8 314 186 l 314 180 q 314 179.15 313.4 178.55 q 312.8 177.95 312 178 q 311.15 177.95 310.55 178.55 c f #c00 1 m 313.4 166.55 q 312.8 165.95 312 166 q 311.15 165.95 310.55 166.55 q 309.95 167.15 310 168 l 310 174 q 309.95 174.8 310.55 175.4 q 311.15 176 312 176 q 312.8 176 313.4 175.4 q 314 174.8 314 174 l 314 168 q 314 167.15 313.4 166.55 c f #c00 1 m 310.55 154.55 q 309.95 155.15 310 156 l 310 162 q 309.95 162.8 310.55 163.4 q 311.15 164 312 164 q 312.8 164 313.4 163.4 q 314 162.8 314 162 l 314 156 q 314 155.15 313.4 154.55 q 312.8 153.95 312 154 q 311.15 153.95 310.55 154.55 c f #c00 1 m 313.4 142.55 q 312.8 141.95 312 142 q 311.15 141.95 310.55 142.55 q 309.95 143.15 310 144 l 310 150 q 309.95 150.8 310.55 151.4 q 311.15 152 312 152 q 312.8 152 313.4 151.4 q 314 150.8 314 150 l 314 144 q 314 143.15 313.4 142.55 c f #c00 1 m 310.55 130.55 q 309.95 131.15 310 132 l 310 138 q 309.95 138.8 310.55 139.4 q 311.15 140 312 140 q 312.8 140 313.4 139.4 q 314 138.8 314 138 l 314 132 q 314 131.15 313.4 130.55 q 312.8 129.95 312 130 q 311.15 129.95 310.55 130.55 c f #c00 1 m 313.4 118.55 q 312.8 117.95 312 118 q 311.15 117.95 310.55 118.55 q 309.95 119.15 310 120 l 310 126 q 309.95 126.8 310.55 127.4 q 311.15 128 312 128 q 312.8 128 313.4 127.4 q 314 126.8 314 126 l 314 120 q 314 119.15 313.4 118.55 c f #c00 1 m 310.55 106.55 q 309.95 107.15 310 108 l 310 114 q 309.95 114.8 310.55 115.4 q 311.15 116 312 116 q 312.8 116 313.4 115.4 q 314 114.8 314 114 l 314 108 q 314 107.15 313.4 106.55 q 312.8 105.95 312 106 q 311.15 105.95 310.55 106.55 c f #c00 1 m 313.4 94.55 q 312.8 93.95 312 94 q 311.15 93.95 310.55 94.55 q 309.95 95.15 310 96 l 310 102 q 309.95 102.8 310.55 103.4 q 311.15 104 312 104 q 312.8 104 313.4 103.4 q 314 102.8 314 102 l 314 96 q 314 95.15 313.4 94.55 c f #c00 1 m 310.55 82.55 q 309.95 83.15 310 84 l 310 90 q 309.95 90.8 310.55 91.4 q 311.15 92 312 92 q 312.8 92 313.4 91.4 q 314 90.8 314 90 l 314 84 q 314 83.15 313.4 82.55 q 312.8 81.95 312 82 q 311.15 81.95 310.55 82.55 c f #c00 1 m 313.4 70.55 q 312.8 69.95 312 70 q 311.15 69.95 310.55 70.55 q 309.95 71.15 310 72 l 310 78 q 309.95 78.8 310.55 79.4 q 311.15 80 312 80 q 312.8 80 313.4 79.4 q 314 78.8 314 78 l 314 72 q 314 71.15 313.4 70.55 c f #c00 1 m 310.55 58.55 q 309.95 59.15 310 60 l 310 66 q 309.95 66.8 310.55 67.4 q 311.15 68 312 68 q 312.8 68 313.4 67.4 q 314 66.8 314 66 l 314 60 q 314 59.15 313.4 58.55 q 312.8 57.95 312 58 q 311.15 57.95 310.55 58.55 c f #c00 1 m 313.4 46.55 q 312.8 45.95 312 46 q 311.15 45.95 310.55 46.55 q 309.95 47.15 310 48 l 310 54 q 309.95 54.8 310.55 55.4 q 311.15 56 312 56 q 312.8 56 313.4 55.4 q 314 54.8 314 54 l 314 48 q 314 47.15 313.4 46.55 c f #c00 1 m 310.55 34.55 q 309.95 35.15 310 36 l 310 42 q 309.95 42.8 310.55 43.4 q 311.15 44 312 44 q 312.8 44 313.4 43.4 q 314 42.8 314 42 l 314 36 q 314 35.15 313.4 34.55 q 312.8 33.95 312 34 q 311.15 33.95 310.55 34.55 c f #c00 1 m 313.4 22.55 q 312.8 21.95 312 22 q 311.15 21.95 310.55 22.55 q 309.95 23.15 310 24 l 310 30 q 309.95 30.8 310.55 31.4 q 311.15 32 312 32 q 312.8 32 313.4 31.4 q 314 30.8 314 30 l 314 24 q 314 23.15 313.4 22.55 c f #c00 1 m 310.55 10.55 q 309.95 11.15 310 12 l 310 18 q 309.95 18.8 310.55 19.4 q 311.15 20 312 20 q 312.8 20 313.4 19.4 q 314 18.8 314 18 l 314 12 q 314 11.15 313.4 10.55 q 312.8 9.95 312 10 q 311.15 9.95 310.55 10.55 c f #c00 1 m 1313.4 751.4 q 1314 750.8 1314 750 l 1314 744 q 1314 743.15 1313.4 742.55 q 1312.8 741.95 1312 742 q 1311.15 741.95 1310.55 742.55 q 1309.95 743.15 1310 744 l 1310 750 q 1309.95 750.8 1310.55 751.4 q 1311.15 752 1312 752 q 1312.8 752 1313.4 751.4 c f #c00 1 m 1313.4 739.4 q 1314 738.8 1314 738 l 1314 732 q 1314 731.15 1313.4 730.55 q 1312.8 729.95 1312 730 q 1311.15 729.95 1310.55 730.55 q 1309.95 731.15 1310 732 l 1310 738 q 1309.95 738.8 1310.55 739.4 q 1311.15 740 1312 740 q 1312.8 740 1313.4 739.4 c f #c00 1 m 1314 720 q 1314 719.15 1313.4 718.55 q 1312.8 717.95 1312 718 q 1311.15 717.95 1310.55 718.55 q 1309.95 719.15 1310 720 l 1310 726 q 1309.95 726.8 1310.55 727.4 q 1311.15 728 1312 728 q 1312.8 728 1313.4 727.4 q 1314 726.8 1314 726 l 1314 720 c f #c00 1 m 1314 708 q 1314 707.15 1313.4 706.55 q 1312.8 705.95 1312 706 q 1311.15 705.95 1310.55 706.55 q 1309.95 707.15 1310 708 l 1310 714 q 1309.95 714.8 1310.55 715.4 q 1311.15 716 1312 716 q 1312.8 716 1313.4 715.4 q 1314 714.8 1314 714 l 1314 708 c f #c00 1 m 1314 696 q 1314 695.15 1313.4 694.55 q 1312.8 693.95 1312 694 q 1311.15 693.95 1310.55 694.55 q 1309.95 695.15 1310 696 l 1310 702 q 1309.95 702.8 1310.55 703.4 q 1311.15 704 1312 704 q 1312.8 704 1313.4 703.4 q 1314 702.8 1314 702 l 1314 696 c f #c00 1 m 1314 684 q 1314 683.15 1313.4 682.55 q 1312.8 681.95 1312 682 q 1311.15 681.95 1310.55 682.55 q 1309.95 683.15 1310 684 l 1310 690 q 1309.95 690.8 1310.55 691.4 q 1311.15 692 1312 692 q 1312.8 692 1313.4 691.4 q 1314 690.8 1314 690 l 1314 684 c f #c00 1 m 1314 672 q 1314 671.15 1313.4 670.55 q 1312.8 669.95 1312 670 q 1311.15 669.95 1310.55 670.55 q 1309.95 671.15 1310 672 l 1310 678 q 1309.95 678.8 1310.55 679.4 q 1311.15 680 1312 680 q 1312.8 680 1313.4 679.4 q 1314 678.8 1314 678 l 1314 672 c f #c00 1 m 1314 660 q 1314 659.15 1313.4 658.55 q 1312.8 657.95 1312 658 q 1311.15 657.95 1310.55 658.55 q 1309.95 659.15 1310 660 l 1310 666 q 1309.95 666.8 1310.55 667.4 q 1311.15 668 1312 668 q 1312.8 668 1313.4 667.4 q 1314 666.8 1314 666 l 1314 660 c f #c00 1 m 1313.4 655.4 q 1314 654.8 1314 654 l 1314 648 q 1314 647.15 1313.4 646.55 q 1312.8 645.95 1312 646 q 1311.15 645.95 1310.55 646.55 q 1309.95 647.15 1310 648 l 1310 654 q 1309.95 654.8 1310.55 655.4 q 1311.15 656 1312 656 q 1312.8 656 1313.4 655.4 c f #c00 1 m 1313.4 634.55 q 1312.8 633.95 1312 634 q 1311.15 633.95 1310.55 634.55 q 1309.95 635.15 1310 636 l 1310 642 q 1309.95 642.8 1310.55 643.4 q 1311.15 644 1312 644 q 1312.8 644 1313.4 643.4 q 1314 642.8 1314 642 l 1314 636 q 1314 635.15 1313.4 634.55 c f #c00 1 m 1310.55 622.55 q 1309.95 623.15 1310 624 l 1310 630 q 1309.95 630.8 1310.55 631.4 q 1311.15 632 1312 632 q 1312.8 632 1313.4 631.4 q 1314 630.8 1314 630 l 1314 624 q 1314 623.15 1313.4 622.55 q 1312.8 621.95 1312 622 q 1311.15 621.95 1310.55 622.55 c f #c00 1 m 1314 618 l 1314 612 q 1314 611.15 1313.4 610.55 q 1312.8 609.95 1312 610 q 1311.15 609.95 1310.55 610.55 q 1309.95 611.15 1310 612 l 1310 618 q 1309.95 618.8 1310.55 619.4 q 1311.15 620 1312 620 q 1312.8 620 1313.4 619.4 q 1314 618.8 1314 618 c f #c00 1 m 1313.4 598.55 q 1312.8 597.95 1312 598 q 1311.15 597.95 1310.55 598.55 q 1309.95 599.15 1310 600 l 1310 606 q 1309.95 606.8 1310.55 607.4 q 1311.15 608 1312 608 q 1312.8 608 1313.4 607.4 q 1314 606.8 1314 606 l 1314 600 q 1314 599.15 1313.4 598.55 c f #c00 1 m 1310.55 586.55 q 1309.95 587.15 1310 588 l 1310 594 q 1309.95 594.8 1310.55 595.4 q 1311.15 596 1312 596 q 1312.8 596 1313.4 595.4 q 1314 594.8 1314 594 l 1314 588 q 1314 587.15 1313.4 586.55 q 1312.8 585.95 1312 586 q 1311.15 585.95 1310.55 586.55 c f #c00 1 m 1310.55 574.55 q 1309.95 575.15 1310 576 l 1310 582 q 1309.95 582.8 1310.55 583.4 q 1311.15 584 1312 584 q 1312.8 584 1313.4 583.4 q 1314 582.8 1314 582 l 1314 576 q 1314 575.15 1313.4 574.55 q 1312.8 573.95 1312 574 q 1311.15 573.95 1310.55 574.55 c f #c00 1 m 1314 564 q 1314 563.15 1313.4 562.55 q 1312.8 561.95 1312 562 q 1311.15 561.95 1310.55 562.55 q 1309.95 563.15 1310 564 l 1310 570 q 1309.95 570.8 1310.55 571.4 q 1311.15 572 1312 572 q 1312.8 572 1313.4 571.4 q 1314 570.8 1314 570 l 1314 564 c f #c00 1 m 1310.55 550.55 q 1309.95 551.15 1310 552 l 1310 558 q 1309.95 558.8 1310.55 559.4 q 1311.15 560 1312 560 q 1312.8 560 1313.4 559.4 q 1314 558.8 1314 558 l 1314 552 q 1314 551.15 1313.4 550.55 q 1312.8 549.95 1312 550 q 1311.15 549.95 1310.55 550.55 c f #c00 1 m 1310.55 538.55 q 1309.95 539.15 1310 540 l 1310 546 q 1309.95 546.8 1310.55 547.4 q 1311.15 548 1312 548 q 1312.8 548 1313.4 547.4 q 1314 546.8 1314 546 l 1314 540 q 1314 539.15 1313.4 538.55 q 1312.8 537.95 1312 538 q 1311.15 537.95 1310.55 538.55 c f #c00 1 m 1310.55 526.55 q 1309.95 527.15 1310 528 l 1310 534 q 1309.95 534.8 1310.55 535.4 q 1311.15 536 1312 536 q 1312.8 536 1313.4 535.4 q 1314 534.8 1314 534 l 1314 528 q 1314 527.15 1313.4 526.55 q 1312.8 525.95 1312 526 q 1311.15 525.95 1310.55 526.55 c f #c00 1 m 1314 516 q 1314 515.15 1313.4 514.55 q 1312.8 513.95 1312 514 q 1311.15 513.95 1310.55 514.55 q 1309.95 515.15 1310 516 l 1310 522 q 1309.95 522.8 1310.55 523.4 q 1311.15 524 1312 524 q 1312.8 524 1313.4 523.4 q 1314 522.8 1314 522 l 1314 516 c f #c00 1 m 1310.55 502.55 q 1309.95 503.15 1310 504 l 1310 510 q 1309.95 510.8 1310.55 511.4 q 1311.15 512 1312 512 q 1312.8 512 1313.4 511.4 q 1314 510.8 1314 510 l 1314 504 q 1314 503.15 1313.4 502.55 q 1312.8 501.95 1312 502 q 1311.15 501.95 1310.55 502.55 c f #c00 1 m 1310.55 490.55 q 1309.95 491.15 1310 492 l 1310 498 q 1309.95 498.8 1310.55 499.4 q 1311.15 500 1312 500 q 1312.8 500 1313.4 499.4 q 1314 498.8 1314 498 l 1314 492 q 1314 491.15 1313.4 490.55 q 1312.8 489.95 1312 490 q 1311.15 489.95 1310.55 490.55 c f #c00 1 m 1310.55 478.55 q 1309.95 479.15 1310 480 l 1310 486 q 1309.95 486.8 1310.55 487.4 q 1311.15 488 1312 488 q 1312.8 488 1313.4 487.4 q 1314 486.8 1314 486 l 1314 480 q 1314 479.15 1313.4 478.55 q 1312.8 477.95 1312 478 q 1311.15 477.95 1310.55 478.55 c f #c00 1 m 1314 468 q 1314 467.15 1313.4 466.55 q 1312.8 465.95 1312 466 q 1311.15 465.95 1310.55 466.55 q 1309.95 467.15 1310 468 l 1310 474 q 1309.95 474.8 1310.55 475.4 q 1311.15 476 1312 476 q 1312.8 476 1313.4 475.4 q 1314 474.8 1314 474 l 1314 468 c f #c00 1 m 1310.55 454.55 q 1309.95 455.15 1310 456 l 1310 462 q 1309.95 462.8 1310.55 463.4 q 1311.15 464 1312 464 q 1312.8 464 1313.4 463.4 q 1314 462.8 1314 462 l 1314 456 q 1314 455.15 1313.4 454.55 q 1312.8 453.95 1312 454 q 1311.15 453.95 1310.55 454.55 c f #c00 1 m 1310.55 442.55 q 1309.95 443.15 1310 444 l 1310 450 q 1309.95 450.8 1310.55 451.4 q 1311.15 452 1312 452 q 1312.8 452 1313.4 451.4 q 1314 450.8 1314 450 l 1314 444 q 1314 443.15 1313.4 442.55 q 1312.8 441.95 1312 442 q 1311.15 441.95 1310.55 442.55 c f #c00 1 m 1310.55 430.55 q 1309.95 431.15 1310 432 l 1310 438 q 1309.95 438.8 1310.55 439.4 q 1311.15 440 1312 440 q 1312.8 440 1313.4 439.4 q 1314 438.8 1314 438 l 1314 432 q 1314 431.15 1313.4 430.55 q 1312.8 429.95 1312 430 q 1311.15 429.95 1310.55 430.55 c f #c00 1 m 1314 420 q 1314 419.15 1313.4 418.55 q 1312.8 417.95 1312 418 q 1311.15 417.95 1310.55 418.55 q 1309.95 419.15 1310 420 l 1310 426 q 1309.95 426.8 1310.55 427.4 q 1311.15 428 1312 428 q 1312.8 428 1313.4 427.4 q 1314 426.8 1314 426 l 1314 420 c f #c00 1 m 1310.55 406.55 q 1309.95 407.15 1310 408 l 1310 414 q 1309.95 414.8 1310.55 415.4 q 1311.15 416 1312 416 q 1312.8 416 1313.4 415.4 q 1314 414.8 1314 414 l 1314 408 q 1314 407.15 1313.4 406.55 q 1312.8 405.95 1312 406 q 1311.15 405.95 1310.55 406.55 c f #c00 1 m 1312 394 q 1311.15 393.95 1310.55 394.55 q 1309.95 395.15 1310 396 l 1310 402 q 1309.95 402.8 1310.55 403.4 q 1311.15 404 1312 404 q 1312.8 404 1313.4 403.4 q 1314 402.8 1314 402 l 1314 396 q 1314 395.15 1313.4 394.55 q 1312.8 393.95 1312 394 c f #c00 1 m 1312 382 q 1311.15 381.95 1310.55 382.55 q 1309.95 383.15 1310 384 l 1310 390 q 1309.95 390.8 1310.55 391.4 q 1311.15 392 1312 392 q 1312.8 392 1313.4 391.4 q 1314 390.8 1314 390 l 1314 384 q 1314 383.15 1313.4 382.55 q 1312.8 381.95 1312 382 c f #c00 1 m 1313.4 370.55 q 1312.8 369.95 1312 370 q 1311.15 369.95 1310.55 370.55 q 1309.95 371.15 1310 372 l 1310 378 q 1309.95 378.8 1310.55 379.4 q 1311.15 380 1312 380 q 1312.8 380 1313.4 379.4 q 1314 378.8 1314 378 l 1314 372 q 1314 371.15 1313.4 370.55 c f #c00 1 m 1313.4 358.55 q 1312.8 357.95 1312 358 q 1311.15 357.95 1310.55 358.55 q 1309.95 359.15 1310 360 l 1310 366 q 1309.95 366.8 1310.55 367.4 q 1311.15 368 1312 368 q 1312.8 368 1313.4 367.4 q 1314 366.8 1314 366 l 1314 360 q 1314 359.15 1313.4 358.55 c f #c00 1 m 1314 348 q 1314 347.15 1313.4 346.55 q 1312.8 345.95 1312 346 q 1311.15 345.95 1310.55 346.55 q 1309.95 347.15 1310 348 l 1310 354 q 1309.95 354.8 1310.55 355.4 q 1311.15 356 1312 356 q 1312.8 356 1313.4 355.4 q 1314 354.8 1314 354 l 1314 348 c f #c00 1 m 1313.4 343.4 q 1314 342.8 1314 342 l 1314 336 q 1314 335.15 1313.4 334.55 q 1312.8 333.95 1312 334 q 1311.15 333.95 1310.55 334.55 q 1309.95 335.15 1310 336 l 1310 342 q 1309.95 342.8 1310.55 343.4 q 1311.15 344 1312 344 q 1312.8 344 1313.4 343.4 c f #c00 1 m 1314 324 q 1314 323.15 1313.4 322.55 q 1312.8 321.95 1312 322 q 1311.15 321.95 1310.55 322.55 q 1309.95 323.15 1310 324 l 1310 330 q 1309.95 330.8 1310.55 331.4 q 1311.15 332 1312 332 q 1312.8 332 1313.4 331.4 q 1314 330.8 1314 330 l 1314 324 c f #c00 1 m 1314 312 q 1314 311.15 1313.4 310.55 q 1312.8 309.95 1312 310 q 1311.15 309.95 1310.55 310.55 q 1309.95 311.15 1310 312 l 1310 318 q 1309.95 318.8 1310.55 319.4 q 1311.15 320 1312 320 q 1312.8 320 1313.4 319.4 q 1314 318.8 1314 318 l 1314 312 c f #c00 1 m 1314 300 q 1314 299.15 1313.4 298.55 q 1312.8 297.95 1312 298 q 1311.15 297.95 1310.55 298.55 q 1309.95 299.15 1310 300 l 1310 306 q 1309.95 306.8 1310.55 307.4 q 1311.15 308 1312 308 q 1312.8 308 1313.4 307.4 q 1314 306.8 1314 306 l 1314 300 c f #c00 1 m 1314 288 q 1314 287.15 1313.4 286.55 q 1312.8 285.95 1312 286 q 1311.15 285.95 1310.55 286.55 q 1309.95 287.15 1310 288 l 1310 294 q 1309.95 294.8 1310.55 295.4 q 1311.15 296 1312 296 q 1312.8 296 1313.4 295.4 q 1314 294.8 1314 294 l 1314 288 c f #c00 1 m 1314 276 q 1314 275.15 1313.4 274.55 q 1312.8 273.95 1312 274 q 1311.15 273.95 1310.55 274.55 q 1309.95 275.15 1310 276 l 1310 282 q 1309.95 282.8 1310.55 283.4 q 1311.15 284 1312 284 q 1312.8 284 1313.4 283.4 q 1314 282.8 1314 282 l 1314 276 c f #c00 1 m 1314 264 q 1314 263.15 1313.4 262.55 q 1312.8 261.95 1312 262 q 1311.15 261.95 1310.55 262.55 q 1309.95 263.15 1310 264 l 1310 270 q 1309.95 270.8 1310.55 271.4 q 1311.15 272 1312 272 q 1312.8 272 1313.4 271.4 q 1314 270.8 1314 270 l 1314 264 c f #c00 1 m 1313.4 259.4 q 1314 258.8 1314 258 l 1314 252 q 1314 251.15 1313.4 250.55 q 1312.8 249.95 1312 250 q 1311.15 249.95 1310.55 250.55 q 1309.95 251.15 1310 252 l 1310 258 q 1309.95 258.8 1310.55 259.4 q 1311.15 260 1312 260 q 1312.8 260 1313.4 259.4 c f #c00 1 m 1313.4 238.55 q 1312.8 237.95 1312 238 q 1311.15 237.95 1310.55 238.55 q 1309.95 239.15 1310 240 l 1310 246 q 1309.95 246.8 1310.55 247.4 q 1311.15 248 1312 248 q 1312.8 248 1313.4 247.4 q 1314 246.8 1314 246 l 1314 240 q 1314 239.15 1313.4 238.55 c f #c00 1 m 1310.55 226.55 q 1309.95 227.15 1310 228 l 1310 234 q 1309.95 234.8 1310.55 235.4 q 1311.15 236 1312 236 q 1312.8 236 1313.4 235.4 q 1314 234.8 1314 234 l 1314 228 q 1314 227.15 1313.4 226.55 q 1312.8 225.95 1312 226 q 1311.15 225.95 1310.55 226.55 c f #c00 1 m 1314 222 l 1314 216 q 1314 215.15 1313.4 214.55 q 1312.8 213.95 1312 214 q 1311.15 213.95 1310.55 214.55 q 1309.95 215.15 1310 216 l 1310 222 q 1309.95 222.8 1310.55 223.4 q 1311.15 224 1312 224 q 1312.8 224 1313.4 223.4 q 1314 222.8 1314 222 c f #c00 1 m 1313.4 202.55 q 1312.8 201.95 1312 202 q 1311.15 201.95 1310.55 202.55 q 1309.95 203.15 1310 204 l 1310 210 q 1309.95 210.8 1310.55 211.4 q 1311.15 212 1312 212 q 1312.8 212 1313.4 211.4 q 1314 210.8 1314 210 l 1314 204 q 1314 203.15 1313.4 202.55 c f #c00 1 m 1310.55 190.55 q 1309.95 191.15 1310 192 l 1310 198 q 1309.95 198.8 1310.55 199.4 q 1311.15 200 1312 200 q 1312.8 200 1313.4 199.4 q 1314 198.8 1314 198 l 1314 192 q 1314 191.15 1313.4 190.55 q 1312.8 189.95 1312 190 q 1311.15 189.95 1310.55 190.55 c f #c00 1 m 1310.55 178.55 q 1309.95 179.15 1310 180 l 1310 186 q 1309.95 186.8 1310.55 187.4 q 1311.15 188 1312 188 q 1312.8 188 1313.4 187.4 q 1314 186.8 1314 186 l 1314 180 q 1314 179.15 1313.4 178.55 q 1312.8 177.95 1312 178 q 1311.15 177.95 1310.55 178.55 c f #c00 1 m 1314 168 q 1314 167.15 1313.4 166.55 q 1312.8 165.95 1312 166 q 1311.15 165.95 1310.55 166.55 q 1309.95 167.15 1310 168 l 1310 174 q 1309.95 174.8 1310.55 175.4 q 1311.15 176 1312 176 q 1312.8 176 1313.4 175.4 q 1314 174.8 1314 174 l 1314 168 c f #c00 1 m 1310.55 154.55 q 1309.95 155.15 1310 156 l 1310 162 q 1309.95 162.8 1310.55 163.4 q 1311.15 164 1312 164 q 1312.8 164 1313.4 163.4 q 1314 162.8 1314 162 l 1314 156 q 1314 155.15 1313.4 154.55 q 1312.8 153.95 1312 154 q 1311.15 153.95 1310.55 154.55 c f #c00 1 m 1310.55 142.55 q 1309.95 143.15 1310 144 l 1310 150 q 1309.95 150.8 1310.55 151.4 q 1311.15 152 1312 152 q 1312.8 152 1313.4 151.4 q 1314 150.8 1314 150 l 1314 144 q 1314 143.15 1313.4 142.55 q 1312.8 141.95 1312 142 q 1311.15 141.95 1310.55 142.55 c f #c00 1 m 1310.55 130.55 q 1309.95 131.15 1310 132 l 1310 138 q 1309.95 138.8 1310.55 139.4 q 1311.15 140 1312 140 q 1312.8 140 1313.4 139.4 q 1314 138.8 1314 138 l 1314 132 q 1314 131.15 1313.4 130.55 q 1312.8 129.95 1312 130 q 1311.15 129.95 1310.55 130.55 c f #c00 1 m 1314 120 q 1314 119.15 1313.4 118.55 q 1312.8 117.95 1312 118 q 1311.15 117.95 1310.55 118.55 q 1309.95 119.15 1310 120 l 1310 126 q 1309.95 126.8 1310.55 127.4 q 1311.15 128 1312 128 q 1312.8 128 1313.4 127.4 q 1314 126.8 1314 126 l 1314 120 c f #c00 1 m 1310.55 106.55 q 1309.95 107.15 1310 108 l 1310 114 q 1309.95 114.8 1310.55 115.4 q 1311.15 116 1312 116 q 1312.8 116 1313.4 115.4 q 1314 114.8 1314 114 l 1314 108 q 1314 107.15 1313.4 106.55 q 1312.8 105.95 1312 106 q 1311.15 105.95 1310.55 106.55 c f #c00 1 m 1310.55 94.55 q 1309.95 95.15 1310 96 l 1310 102 q 1309.95 102.8 1310.55 103.4 q 1311.15 104 1312 104 q 1312.8 104 1313.4 103.4 q 1314 102.8 1314 102 l 1314 96 q 1314 95.15 1313.4 94.55 q 1312.8 93.95 1312 94 q 1311.15 93.95 1310.55 94.55 c f #c00 1 m 1310.55 82.55 q 1309.95 83.15 1310 84 l 1310 90 q 1309.95 90.8 1310.55 91.4 q 1311.15 92 1312 92 q 1312.8 92 1313.4 91.4 q 1314 90.8 1314 90 l 1314 84 q 1314 83.15 1313.4 82.55 q 1312.8 81.95 1312 82 q 1311.15 81.95 1310.55 82.55 c f #c00 1 m 1314 72 q 1314 71.15 1313.4 70.55 q 1312.8 69.95 1312 70 q 1311.15 69.95 1310.55 70.55 q 1309.95 71.15 1310 72 l 1310 78 q 1309.95 78.8 1310.55 79.4 q 1311.15 80 1312 80 q 1312.8 80 1313.4 79.4 q 1314 78.8 1314 78 l 1314 72 c f #c00 1 m 1310.55 58.55 q 1309.95 59.15 1310 60 l 1310 66 q 1309.95 66.8 1310.55 67.4 q 1311.15 68 1312 68 q 1312.8 68 1313.4 67.4 q 1314 66.8 1314 66 l 1314 60 q 1314 59.15 1313.4 58.55 q 1312.8 57.95 1312 58 q 1311.15 57.95 1310.55 58.55 c f #c00 1 m 1310.55 46.55 q 1309.95 47.15 1310 48 l 1310 54 q 1309.95 54.8 1310.55 55.4 q 1311.15 56 1312 56 q 1312.8 56 1313.4 55.4 q 1314 54.8 1314 54 l 1314 48 q 1314 47.15 1313.4 46.55 q 1312.8 45.95 1312 46 q 1311.15 45.95 1310.55 46.55 c f #c00 1 m 1310.55 34.55 q 1309.95 35.15 1310 36 l 1310 42 q 1309.95 42.8 1310.55 43.4 q 1311.15 44 1312 44 q 1312.8 44 1313.4 43.4 q 1314 42.8 1314 42 l 1314 36 q 1314 35.15 1313.4 34.55 q 1312.8 33.95 1312 34 q 1311.15 33.95 1310.55 34.55 c f #c00 1 m 1314 24 q 1314 23.15 1313.4 22.55 q 1312.8 21.95 1312 22 q 1311.15 21.95 1310.55 22.55 q 1309.95 23.15 1310 24 l 1310 30 q 1309.95 30.8 1310.55 31.4 q 1311.15 32 1312 32 q 1312.8 32 1313.4 31.4 q 1314 30.8 1314 30 l 1314 24 c f #c00 1 m 1310.55 10.55 q 1309.95 11.15 1310 12 l 1310 18 q 1309.95 18.8 1310.55 19.4 q 1311.15 20 1312 20 q 1312.8 20 1313.4 19.4 q 1314 18.8 1314 18 l 1314 12 q 1314 11.15 1313.4 10.55 q 1312.8 9.95 1312 10 q 1311.15 9.95 1310.55 10.55 c f #c00 1 m 1312 -2 q 1311.15 -2.05 1310.55 -1.45 q 1309.95 -0.85 1310 0 l 1310 6 q 1309.95 6.8 1310.55 7.4 q 1311.15 8 1312 8 q 1312.8 8 1313.4 7.4 q 1314 6.8 1314 6 l 1314 0 q 1314 -0.85 1313.4 -1.45 q 1312.8 -2.05 1312 -2 c f #c00 1 m 312 -2 q 311.15 -2.05 310.55 -1.45 q 309.95 -0.85 310 0 l 310 6 q 309.95 6.8 310.55 7.4 q 311.15 8 312 8 q 312.8 8 313.4 7.4 q 314 6.8 314 6 l 314 0 q 314 -0.85 313.4 -1.45 q 312.8 -2.05 312 -2 c
f #0f3 1 m 1032.25 768 l 1032.25 0 l 0 0 l 0 768 l 1032.25 768 c
f #ccc 1 m 1629.2 752.6 l 1629.2 2.6 l 5.15 2.6 l 5.15 752.6 l 1629.2 752.6 c
f #0c3 1 m 1068.95 140.95 l 1068.95 201.95 l 1187.95 201.95 l 1187.95 140.95 l 1068.95 140.95 c f #ccc 1 m 1050.95 217.95 l 1050.95 278.95 l 1198.95 278.95 l 1198.95 217.95 l 1050.95 217.95 c f 0 0 s 1 #000 1 m 1050.95 217.95 l 1198.95 217.95 l 1198.95 278.95 l 1050.95 278.95 l 1050.95 217.95 f 0 0 s 1 #000 1 m 1068.95 140.95 l 1187.95 140.95 l 1187.95 201.95 l 1068.95 201.95 l 1068.95 140.95