f #fc0 1 m -30 -30 l -30 30 l 1.9 21.75 l -10 -3.05 l 4.95 -20.1 l -30 -30 c f #fc0 1 m 1.9 21.75 l 30 30 l 30 -3.05 l -10 -3.05 l 1.9 21.75 c f #fc0 1 m 30 -3.05 l 30 -30 l 4.95 -20.1 l -10 -3.05 l 30 -3.05 c f 0 0 s 3 #c00 1 m 4.95 -20.1 l 30 -30 l 30 -3.05 l 30 30 l 1.9 21.75 l -30 30 l -30 -30 l 4.95 -20.1 l -10 -3.05 l 30 -3.05 f 0 0 s 3 #c00 1 m -10 -3.05 l 1.9 21.75
f #000 1 m 403.25 303.8 q 403.25 305.3 404.15 306.4 q 405.1 307.45 406.4 307.45 q 407.7 307.45 408.65 306.4 q 409.55 305.3 409.55 303.8 q 409.55 300.15 406.4 300.15 q 403.25 300.15 403.25 303.8 c
f 0 0 s 2 #000 1 m 406.95 282.55 l 406.7 290.35
f 0 0 s 2 #000 1 m 413.35 282.1 l 401.15 282.45 l 400.8 270.25 l 413 269.9 l 413.35 282.1
f #d4eff5 1 m 413.35 282.1 l 413 269.9 l 400.8 270.25 l 401.15 282.45 l 413.35 282.1 c
f #000 1 m 389.1 309.2 q 391.75 309.2 391.75 306.35 q 391.75 303.5 389.1 303.5 q 386.45 303.5 386.45 306.35 q 386.45 309.2 389.1 309.2 c
f #000 1 m 392.2 315.75 q 389.9 315.85 387.1 319.9 q 386.55 320.7 387.35 321.25 q 388.2 321.8 388.75 321 q 390.55 318.45 391.3 318.05 q 392.6 317.3 395.85 318.85 q 397.35 319.6 398.95 318.8 q 399.5 318.55 401.6 316.7 q 403.55 315.3 404.3 316.45 q 405 317.5 406.2 319.45 q 406.9 320.1 407.65 319.45 q 408.4 318.8 407.7 318.15 q 406.45 315.2 405.2 314.5 q 403.5 313.5 400.05 315.35 q 399.05 316.25 398.5 316.65 q 397.55 317.35 396.55 317 q 393.1 315.7 392.2 315.75 c
f 0 0 s 1 #000 1 m 392.3 303 q 393.25 305.45 392.55 307.75 q 391.8 310.05 389.85 310.8 q 387.85 311.55 385.85 310.35 q 383.8 309.15 382.85 306.65 q 381.9 304.2 382.65 301.9 q 383.35 299.65 385.3 298.9 q 387.3 298.15 389.35 299.35 q 391.35 300.55 392.3 303
f #fcf5ae 1 m 382.85 306.65 q 383.8 309.15 385.85 310.35 q 387.85 311.55 389.85 310.8 q 391.8 310.05 392.55 307.75 q 393.25 305.45 392.3 303 q 391.35 300.55 389.35 299.35 q 387.3 298.15 385.3 298.9 q 383.35 299.65 382.65 301.9 q 381.9 304.2 382.85 306.65 c
f 0 0 s 1 #000 1 m 409.25 296.65 q 410.95 298.95 410.95 302.15 q 410.95 305.4 409.25 307.65 q 407.55 309.95 405.15 309.95 q 402.7 309.95 401 307.65 q 399.3 305.4 399.3 302.15 q 399.3 298.9 401 296.65 q 402.7 294.35 405.15 294.35 q 407.55 294.35 409.25 296.65
f #fcf5ae 1 m 409.25 296.65 q 407.55 294.35 405.15 294.35 q 402.7 294.35 401 296.65 q 399.3 298.9 399.3 302.15 q 399.3 305.4 401 307.65 q 402.7 309.95 405.15 309.95 q 407.55 309.95 409.25 307.65 q 410.95 305.4 410.95 302.15 q 410.95 298.95 409.25 296.65 c
f 0 0 s 2 #000 1 m 385.8 285.2 l 388.1 292.65
f 0 0 s 2 #000 1 m 398.85 289.75 q 408.8 289 416.3 294.4 q 423.75 299.85 424.4 308.2 q 425 316.6 418.4 323.05 q 411.8 329.5 401.85 330.25 q 391.85 330.95 384.4 325.55 q 376.9 320.15 376.3 311.8 q 375.65 303.4 382.25 296.95 q 388.85 290.5 398.85 289.75
f #f6a780 1 m 398.85 289.75 q 388.85 290.5 382.25 296.95 q 375.65 303.4 376.3 311.8 q 376.9 320.15 384.4 325.55 q 391.85 330.95 401.85 330.25 q 411.8 329.5 418.4 323.05 q 425 316.6 424.4 308.2 q 423.75 299.85 416.3 294.4 q 408.8 289 398.85 289.75 c
f 0 0 s 2 #000 1 m 391.7 282.95 l 380.05 286.55 l 376.45 274.9 l 388.1 271.3 l 391.7 282.95
f #d4eff5 1 m 380.05 286.55 l 391.7 282.95 l 388.1 271.3 l 376.45 274.9 l 380.05 286.55 c
f #36f 1 m 40.6 30.8 l 40.6 30.8 l -27.7 30.8 l -27.7 30.8 l -32.45 30.8 l -32.45 154.55 l 44.2 154.55 l 44.2 30.8 l 40.6 30.8 c
f 0 0 s 2 #000 1 m 282.8 108.45 l 282.1 112.9
f 0 0 s 2 #000 1 m 290.95 97.5 l 289.1 109.55 l 277.05 107.65 l 278.9 95.65 l 290.95 97.5
f #d4eff5 1 m 290.95 97.5 l 278.9 95.65 l 277.05 107.65 l 289.1 109.55 l 290.95 97.5 c
f #000 1 m 48.3 -92.15 q 57.3 -90.65 62.35 -83.6 q 67 -77.05 67.3 -67.5 q 67.55 -60 63.5 -48.7 q 62.8 -46.8 59.75 -39.6 q 57.35 -34 56.5 -30.3 q 55 -23.9 57.85 -15.55 q 59.35 -11.15 63.15 -3 l 65.8 -3 q 64.6 -5.9 63 -9.5 q 58.7 -19.3 58.6 -25.8 q 58.5 -29.65 60.6 -34.85 q 63.2 -40.65 64.3 -43.45 q 68.15 -53 69.5 -61.25 q 70.7 -68.9 68.9 -76.05 q 66.85 -84.1 61.6 -88.75 q 53.05 -96.2 37.8 -95.6 q 25.9 -95.15 12.85 -90.2 q -1.8 -83.55 -9.45 -81.2 q -21.8 -77.45 -34.15 -83.25 q -38.85 -85.7 -41.15 -86.85 q -45.35 -89 -48.45 -89.7 q -55.45 -91.3 -66.35 -84.6 q -66.7 -84.4 -66.85 -84.1 q -75.6 -76 -70.6 -61.05 q -69.5 -57.9 -67.2 -53.35 q -65.9 -50.8 -63.25 -45.8 q -58.5 -36.05 -56.05 -28.15 q -50.95 -11.55 -56.4 9.65 q -62.15 31.8 -61.6 45 q -60.85 60.75 -49.45 75.5 q -38.45 89.8 -26.45 93.95 q -15.15 97.9 4.75 92.5 q 24.05 87.15 37.1 81.45 q 53.9 74.2 62.55 62.9 q 62.9 62.45 63.25 62 l 60 62 q 51.65 73 30.7 81.3 q 12.05 88.65 -3.3 91.75 q -23.4 95.8 -36.7 85.05 q -52.35 72.4 -57.35 55.05 q -59.9 46.2 -58.85 34.95 q -58.1 27.2 -55.1 15.1 q -52.3 3.8 -51.45 -2 q -50.15 -11.35 -51.35 -19.4 q -53.05 -31.1 -62.8 -50.8 q -68.35 -62 -69.35 -66.85 q -71.4 -76.6 -64.9 -82.45 q -56.25 -87.65 -50.45 -87.35 q -47.65 -87.2 -44.15 -85.55 q -42.15 -84.6 -38.35 -82.45 q -24 -74.9 -10.3 -78.25 q -4.7 -79.65 5.5 -84.2 q 15.95 -88.85 21.25 -90.25 q 35.8 -94.15 48.3 -92.15 c
f #000 1 m 371.15 259.7 q 369.05 258.3 368.3 255.3 q 367.65 252.6 368.3 249.9 q 368.65 248.5 367.25 248 q 365.85 247.45 365.5 248.85 q 364.55 252.6 365.5 256.2 q 366.5 260.15 369.45 262.15 q 370.65 263 371.5 261.75 q 372.35 260.55 371.15 259.7 c
f #000 1 m 374.3 245.95 q 373.85 241.9 375.7 238.75 q 376.4 237.5 375.2 236.65 q 373.95 235.8 373.25 237.05 q 370.9 241.1 371.4 246.1 q 371.85 250.75 374.65 254.8 q 375.5 255.95 376.65 255 q 377.8 254 376.95 252.85 q 374.75 249.7 374.3 245.95 c
f #000 1 m 384.05 243.15 q 384.05 238.85 386.1 235.65 q 386.9 234.45 385.65 233.6 q 384.45 232.75 383.65 233.95 q 381 238 381.1 243.3 q 381.15 248.85 384.2 252.4 q 385.15 253.5 386.25 252.55 q 387.4 251.55 386.45 250.45 q 384.05 247.7 384.05 243.15 c
f #000 1 m 392.7 241.7 q 393.3 240.4 391.9 239.9 q 390.5 239.35 389.9 240.65 q 388.05 244.6 388.9 249.7 q 389.75 255.2 393.1 257.55 q 394.3 258.4 395.15 257.15 q 396 255.95 394.85 255.1 q 392.3 253.3 391.75 248.85 q 391.3 244.75 392.7 241.7 c
f #000 1 m 462.35 244.8 q 463.8 245 463.95 243.5 q 464.1 242.05 462.65 241.8 q 455.6 240.8 451.2 248.55 q 450.5 249.8 451.7 250.65 q 452.9 251.5 453.65 250.25 q 457.15 244 462.35 244.8 c
f #000 1 m 449.75 244.85 q 450.1 240.55 453.3 237.05 q 456.65 233.45 460.9 233.3 q 462.35 233.25 462.5 231.75 q 462.65 230.25 461.2 230.3 q 455.65 230.5 451.4 234.8 q 447.25 239 446.75 244.6 q 446.65 246.05 448.15 246.15 q 449.65 246.3 449.75 244.85 c
f #000 1 m 452 230.05 q 453.35 229.6 452.7 228.25 q 452.05 226.95 450.7 227.35 q 445.85 228.9 442.45 233.65 q 439.2 238.15 438.75 243.4 q 438.6 244.85 440.1 245 q 441.6 245.15 441.7 243.7 q 442.1 239.15 444.9 235.35 q 447.8 231.4 452 230.05 c
f #000 1 m 439.15 231.7 q 440.45 231.05 439.8 229.7 q 439.2 228.35 437.9 229 q 428.05 233.9 427.4 251.15 q 427.35 252.6 428.8 252.7 q 430.3 252.85 430.35 251.4 q 430.95 235.9 439.15 231.7 c
f #000 1 m 437.35 262.45 q 432.05 264.05 428.55 268 q 424.4 272.6 426.25 277.55 q 428.2 282.9 433.55 286.1 q 438.9 289.25 444.5 288.3 q 453.3 286.8 457.55 270.1 q 457.9 270 458.3 269.7 q 459.45 268.7 458.5 267.6 q 454.65 263.05 448.75 261.8 q 443.3 260.6 437.35 262.45 m 439.75 285.25 q 434.5 284.15 430.55 279.45 q 426.75 274.9 430.55 270.35 q 433.65 266.65 439.15 265 q 443.85 263.55 448.4 264.7 q 452.25 265.65 454.95 268.25 q 453 276.5 449.3 281.6 q 445.75 286.55 439.75 285.25 h c
f #000 1 m 436.35 264.4 q 431.3 266.5 428.9 269.85 q 426.05 273.8 428.05 278.25 q 429.9 282 434.1 284.65 q 438.6 287.45 442.9 287.05 q 450.35 286.3 454.1 275.7 q 455.95 270.9 456.4 268.55 l 457.35 268.6 q 453.9 264.05 447.7 263.05 q 441.95 262.1 436.35 264.4 c
f #000 1 m 371.5 278.5 q 368.7 283.35 370.75 288.6 q 372.75 293.65 378.55 296.15 q 384.3 298.6 389.2 296.6 q 396.25 293.7 399.1 278.3 q 399.35 278.2 399.65 277.95 q 400.8 277 399.85 275.9 q 392.15 267.05 379.65 271.8 q 374.15 273.95 371.5 278.5 m 383.35 294.35 q 378.6 293.65 374.75 289.25 q 371.1 285.15 373.8 280.6 q 376 276.8 380.95 274.5 q 385.25 272.5 389.85 273.4 q 393.6 274.1 396.35 276.55 q 396.3 276.6 396.3 276.7 q 394.95 285.1 391.8 290.2 q 388.8 295.2 383.35 294.35 h c
f #000 1 m 379.1 273.7 q 374.55 276.15 372.5 279.6 q 370.05 283.65 372.1 288 q 374 291.65 378 294.05 q 382.25 296.65 386.2 296 q 393.15 294.85 396 284.1 q 397.75 277.25 397.8 276.85 l 398.7 276.85 q 395.3 272.5 389.5 271.75 q 384.15 271.1 379.1 273.7 c
f #000 1 m 35 17.35 q 26.35 17.6 17.2 23.15 q 8.5 28.6 4.05 31.25 q -3.6 35.7 -9.7 38 q -14.85 39.85 -22.5 41.1 q -22.75 41.05 -23.1 41.2 q -23.7 41.25 -23.95 41.65 q -28.7 44.5 -26.95 49.2 q -25.45 53.15 -20.35 56.85 q -15.4 60.4 -8.05 60.05 q -6.7 60 4.9 58.1 q 19.45 55.8 30.75 52.1 q 32.95 51.35 35 50.6 l 35 47.75 q 27.95 50.6 17.6 53 q 11 54.55 -2.75 56.95 q -11.05 58.45 -16.3 56.3 q -20.6 54.55 -23.35 50.65 q -26.65 46.05 -22.25 43.65 q -9.7 41.75 1.45 35.8 q 8.85 31.85 23.1 22.7 q 28 19.9 35 19.75 l 35 17.35 c
f #000 1 m 428.7 250.4 q 424.55 257.4 424.3 266.1 q 424.1 274.8 428.5 281.8 q 433.45 289.75 441.65 290.15 q 449.8 290.55 454.9 282.1 q 459.05 275.25 459.3 266.7 q 459.3 266.55 459.3 266.4 q 459.3 266.25 459.3 266.1 q 459.05 257.3 455.05 250.7 q 450.25 242.75 441.95 242.35 q 433.75 241.95 428.7 250.4 m 442.7 287.1 q 435.55 288.2 431.1 280.3 q 427.5 274 427.3 266.4 q 427.1 259.2 430.45 253.2 q 434.25 246.4 440.9 245.4 q 448.05 244.35 452.5 252.2 q 456.1 258.5 456.3 266.1 q 456.15 273.7 453.1 279.3 q 449.45 286.1 442.7 287.1 h c
f #d4d7e1 1 m 430.5 282.1 q 435.15 288.65 441.8 288.65 q 448.45 288.65 453.1 282.1 q 457.8 275.55 457.8 266.25 q 457.8 257 453.1 250.4 q 448.45 243.85 441.8 243.85 q 435.15 243.85 430.5 250.4 q 425.8 257 425.8 266.25 q 425.8 275.55 430.5 282.1 c
f #a5deec 1 m 10.05 53.65 q 9.95 53.7 9.9 53.8 q 10.05 53.75 10.25 53.7 q 10.15 53.7 10.05 53.65 c f #a5deec 1 m 23.6 -91.6 q 18.35 -90.45 10.65 -87.1 q -2.2 -81.65 -2.2 -81.6 q -17.75 -75.65 -28.75 -79.8 q -32.45 -81.25 -38.1 -84.25 q -43.2 -87 -45.6 -87.7 q -53.4 -90.1 -64.45 -83.2 l -64.4 -83.2 q -69.6 -78.95 -69.8 -71.4 q -70 -65 -66.7 -58 q -56 -36.7 -53.45 -28.15 q -48.55 -11.9 -52.3 4.35 q -58 26.75 -58.8 35.25 q -60.35 52.6 -53.15 65.8 q -49.4 73.05 -42.35 80.45 q -34.9 88.4 -28.3 91.55 q -15.85 97.75 7.05 91.1 q 28.1 84.45 32.6 82.75 q 33.3 82.45 34 82.2 l 34 48.85 q 32.85 49.45 31.65 49.85 q 31.6 49.9 31.55 50 q 31.15 50.45 30.45 50.5 q 29.25 50.6 28.05 50.9 q 25.6 52.8 22.9 52.45 q 21.85 52.85 20.75 53.1 q 19.35 53.35 18 53.4 q 16.25 53.95 14.5 54.05 q 14.4 54.45 13.7 55.05 q 13.45 55.3 13.15 55.45 q 10.2 57.1 6.6 56.8 q 5.8 56.75 5.05 56.9 q 3.75 57.15 3.25 56.8 q 3.1 56.85 3.05 56.9 q -0.4 58.2 -3.85 58.2 q -4.3 58.95 -5.2 58.95 q -9.05 58.65 -12.9 58.4 q -13.35 58.35 -13.55 58.2 q -13.8 58.2 -14.05 58.2 q -17.25 57.75 -18.7 55.5 q -19.6 55.15 -20.35 54.65 q -22.65 54.25 -23.2 53 q -24.9 51.85 -25.65 49.95 q -25.9 49.35 -25.95 48.85 q -27.45 48 -26.25 46.3 q -24.3 43.35 -21.3 41.85 q -20.9 42.1 -20.6 42.4 q -19.9 42.05 -19.1 41.85 q -18.35 41.55 -17.75 41.6 q -17.3 40.8 -15.9 40.5 q -13.3 39.9 -10.65 39.55 q -10.2 39.1 -9.35 38.95 q -6.2 38.25 -3.35 37.05 q -2.9 37.15 -2.55 37.35 q -2.1 37 -1.65 36.6 q -0.85 35.75 0.1 35.2 q 0.25 34.55 0.85 34.25 q 3.05 33.1 5.4 32.65 q 5.75 32.6 6.1 32.65 q 6.35 32.4 6.65 32.25 q 7.05 31.7 8 31.35 q 10.45 30.4 12.5 29.1 q 12.6 29 12.7 28.95 q 13.5 28.35 14.3 27.65 q 14.85 27.15 15.5 26.9 q 15.65 26.75 15.85 26.65 q 16.95 26 17.95 25.25 q 20.9 23 24.3 21.7 q 26.75 19.45 30.55 19.15 q 31.15 19.1 31.8 19 q 32.65 18.9 33.4 18.65 q 33.7 18.65 34 18.7 l 34 -93.2 q 29.2 -92.7 23.6 -91.6 c
f #3ff 1 m 14.7 13.9 l 14.7 -15.1 l -15.3 -15.1 l -15.3 13.9 l 14.7 13.9 c
f #000 1 m 184.15 147.75 q 183.3 146.05 183 145.65 q 180.55 142.35 176.75 145.15 q 174.5 147.35 173 148.55 q 172.4 141.75 169.6 140.7 q 166.95 139.7 162.85 142.65 q 158.6 146.35 157 147.3 q 154.25 149 153.7 149.15 q 151.95 149.65 151.6 147.1 q 151.25 144.6 149.05 142.75 q 145.7 140 139 144.75 q 137.85 145.6 138.8 146.75 q 139.8 147.9 140.95 147.05 q 147.75 142.3 148.65 147.6 q 149 149.6 149.4 150.8 q 150.15 152.95 152.95 152.75 q 154.45 152.7 160.1 148.9 q 163 146.9 164.8 145.35 q 169.9 140.95 170.1 151.15 q 170.15 152 170.8 152.5 q 171.45 153 172.25 152.6 q 174.3 151.65 177.2 148.55 q 178.85 146.75 180.3 147.85 q 180.3 147.9 182.5 150.55 q 183.75 152.15 186 151.75 q 186.75 151.65 188.45 150.6 q 191.25 148.9 194.5 151.8 q 195.6 152.75 196.45 151.5 q 197.3 150.3 196.2 149.35 q 192.9 146.35 189.7 146.7 q 189 146.75 186.1 148.55 q 185.1 149.15 184.15 147.75 c
f 0 0 s 1 #000 1 m 179.1 127.8 q 169.1 131.9 168.6 132.05 q 160.85 134.05 159.5 128.65
f 0 0 s 1 #000 1 m 157.8 120.65 q 167.35 115.95 170.9 117.5 q 173.6 118.65 181.05 126.05
f 0 0 s 1 #000 1 m 170.65 124.45 q 170.65 126.5 169.4 128 q 168.1 129.45 166.3 129.45 q 164.5 129.45 163.25 128 q 161.95 126.5 161.95 124.45 q 161.95 122.4 163.25 120.9 q 164.5 119.45 166.3 119.45 q 168.1 119.45 169.4 120.9 q 170.65 122.4 170.65 124.45
f 0 0 s 2.75 #000 1 m 0.5 0 q 6.15 1.7 10.85 0.85 q 13.75 0.35 19.05 -2.25 q 25.3 -5.25 29.25 -6.45 q 36.45 -8.6 45.5 -9 q 54.7 -9.35 61.6 -5.5 q 66.4 -2.85 71.55 3.15 q 78 10.5 79.75 11.95 q 84.65 16 90.5 16 q 100.15 16 113.4 11.5 q 119.6 9.4 135.05 6.4 q 149.75 3.5 153 3.5
f 0 0 s 2.75 #000 1 m 0.5 0 q 6.15 1.7 10.85 0.85 q 13.75 0.35 19.15 -1.95 q 25.55 -4.7 29.55 -5.6 q 31 -5.95 32.5 -6.25 q 38.5 -7.35 45.75 -6.8 q 46.75 -6.7 47.8 -6.6 q 55.55 -5.6 61.5 -2.3 q 67.4 1.4 71.8 5.5 q 72.05 5.7 72.25 5.9 q 75.95 9 78.35 10.9 q 79.95 12.35 81.05 12.9 q 83.35 14.35 85.95 15.1 q 88.85 16 92.05 15.9 q 99.5 15.65 109 12.9 q 111.75 12.1 114.85 10.95 q 119.2 9.4 127.2 7.3 q 131.2 6.15 136.35 5.3 q 138.7 4.95 140.9 4.65 q 151 3.15 154.4 3.75
f 0 0 s 2.75 #000 1 m 0.5 0 q 6.15 1.7 10.85 0.85 q 13.7 0.4 19.2 -1.65 q 25.5 -4 29.85 -4.75 q 31.3 -5.05 32.8 -5.2 q 38.75 -6 45.95 -4.55 q 46.95 -4.4 48 -4.15 q 55.65 -2.35 61.4 0.9 q 67.6 4.7 72.05 7.8 q 72.3 8 72.55 8.15 q 76.65 10.6 79.35 12.2 q 80.95 13.35 82.35 13.85 q 84.7 14.9 87.45 15.4 q 90.4 16 93.65 15.8 q 101.1 15.3 110.45 12.45 q 113.15 11.6 116.35 10.4 q 120.9 8.7 128.5 6.25 q 132.45 4.95 137.6 4.25 q 139.95 3.9 142.3 3.75 q 151.65 2.85 155.75 4
f 0 0 s 2.75 #000 1 m 0.5 0 q 6.1 1.7 10.85 0.85 q 13.6 0.4 19.3 -1.4 q 25.4 -3.35 30.1 -3.95 q 31.6 -4.1 33.1 -4.2 q 38.95 -4.65 46.2 -2.35 q 47.15 -2.05 48.15 -1.75 q 55.7 0.95 61.25 4.1 q 67.8 8 72.3 10.15 q 72.6 10.25 72.85 10.35 q 77.3 12.15 80.3 13.55 q 81.9 14.4 83.6 14.75 q 86 15.45 89 15.7 q 91.9 16 95.2 15.65 q 102.65 14.95 111.95 11.95 q 114.5 11.15 117.8 9.85 q 122.55 8 129.75 5.25 q 133.65 3.7 138.9 3.15 q 141.2 2.9 143.65 2.85 q 152.35 2.5 157.15 4.25
f 0 0 s 2.75 #000 1 m 0.5 0 q 6.15 1.7 10.85 0.85 q 13.75 0.3 20.3 -1.4 q 26.8 -3.1 33.4 -3.2 q 39.9 -3.3 48.35 0.65 q 56.75 4.65 62.55 8.05 q 68.3 11.45 73.15 12.6 q 77.95 13.65 81.3 14.85 q 84.6 16 90.5 16 q 100.15 16 113.4 11.5 q 119.55 9.4 131.05 4.2 q 136.55 1.7 145 1.95 q 153 2.15 158.5 4.5
f 0 0 s 2.75 #000 1 m 0.5 0.25 q 6.05 1.4 10.7 0.85 q 13.5 0.55 18.8 -0.3 q 24.9 -1.2 29.05 -1.45 q 31.25 -1.55 33.45 -1.55 q 38.65 -1.5 45 0.55 q 46.75 1.05 48.55 1.75 q 54.8 3.95 59.65 5.75 q 61.45 6.45 63.1 7.05 q 66.25 8.25 69.15 8.8 q 71.6 9.3 73.7 9.5 q 76.15 9.65 78 10 q 80 10.3 81.7 10.65 q 84.6 11.25 88.9 11.35 q 89.85 11.4 90.9 11.4 q 99.7 11.45 111.5 8.9 q 112.65 8.65 113.95 8.35 q 120.1 6.9 131.6 3.1 q 137.5 1.05 145.95 1.3 q 153.6 1.5 159.6 3.4
f 0 0 s 2.75 #000 1 m 0.5 0.5 q 6.1 1.15 10.75 0.85 q 13.6 0.7 18.85 0.4 q 25.1 0.1 29.1 0.05 q 31.3 0.05 33.55 0.15 q 38.8 0.3 45.15 1.9 q 46.95 2.3 48.75 2.8 q 55.15 4.4 60.15 5.35 q 61.95 5.7 63.65 5.95 q 66.8 6.55 69.75 6.5 q 72.2 6.5 74.25 6.4 q 76.8 6.1 78.45 6.3 q 80.35 6.3 82.1 6.45 q 85.15 6.7 89.3 6.8 q 90.25 6.8 91.3 6.85 q 100.15 6.9 111.95 5.5 q 113.15 5.35 114.45 5.2 q 120.7 4.35 132.45 1.85 q 138.45 0.45 146.9 0.7 q 154.25 0.9 160.65 2.3
f 0 0 s 2.75 #000 1 m 0.5 0.75 q 6.1 0.9 10.75 0.85 q 13.75 0.8 18.95 1.05 q 25.35 1.45 29.15 1.55 q 31.3 1.7 33.6 1.8 q 38.9 2.15 45.25 3.2 q 47.1 3.5 48.9 3.8 q 55.45 4.8 60.6 4.9 q 62.45 5 64.25 4.9 q 67.3 4.9 70.35 4.25 q 72.85 3.75 74.8 3.35 q 77.4 2.6 78.85 2.55 q 80.75 2.35 82.55 2.3 q 85.65 2.15 89.7 2.2 q 90.7 2.25 91.7 2.25 q 100.6 2.4 112.45 2.15 q 113.6 2.1 115 2.1 q 121.3 1.85 133.35 0.55 q 139.4 -0.2 147.9 0.05 q 154.85 0.25 161.75 1.2
f 0 0 s 2.75 #000 1 m 0.5 1 q 6.15 0.65 10.8 0.85 q 13.85 0.95 19 1.75 q 25.55 2.75 29.2 3.05 q 31.35 3.3 33.7 3.5 q 39.05 3.95 45.4 4.55 q 47.3 4.75 49.1 4.85 q 55.8 5.25 61.1 4.5 q 62.95 4.25 64.8 3.8 q 67.85 3.2 70.95 1.95 q 73.45 0.95 75.35 0.25 q 78.05 -0.95 79.3 -1.15 q 81.1 -1.65 82.95 -1.9 q 86.2 -2.4 90.1 -2.35 q 91.1 -2.35 92.1 -2.3 q 101.05 -2.15 112.9 -1.25 q 114.1 -1.2 115.5 -1.05 q 121.9 -0.7 134.2 -0.7 q 140.35 -0.8 148.85 -0.55 q 155.5 -0.35 162.8 0.1
f 0 0 s 2.75 #000 1 m 0.5 1.25 q 6.15 0.35 10.85 0.8 q 13.75 1.05 19.05 2.4 q 25.3 3.9 29.25 4.55 q 36.45 5.65 45.5 5.85 q 54.7 6.05 61.6 4.05 q 66.4 2.7 71.55 -0.4 q 78 -4.15 79.75 -4.9 q 84.65 -7 90.5 -7 q 100.15 -7 113.4 -4.65 q 119.6 -3.6 135.05 -2.05 q 145.35 -1 164 -1
f 0 0 s 2.75 #000 1 m 0.5 1.1 q 6.15 0.05 10.85 0.6 q 13.75 0.85 19.05 2.45 q 25.3 4.25 29.25 5 q 36.45 6.3 45.5 6.55 q 54.7 6.75 61.6 4.45 q 66.4 2.8 71.55 -0.8 q 78 -5.3 79.75 -6.15 q 84.65 -8.6 90.5 -8.6 q 100.15 -8.6 113.4 -5.9 q 119.6 -4.6 135.05 -2.75 q 146.25 -1.4 161.8 -1.4
f 0 0 s 2.75 #000 1 m 0.5 0.9 q 6.15 -0.25 10.85 0.35 q 13.75 0.65 19.05 2.5 q 25.3 4.6 29.25 5.45 q 36.45 6.95 45.5 7.25 q 54.7 7.45 61.6 4.8 q 66.4 2.9 71.55 -1.3 q 78 -6.45 79.75 -7.45 q 84.65 -10.3 90.5 -10.3 q 100.15 -10.3 113.4 -7.15 q 119.6 -5.65 135.05 -3.55 q 147.1 -1.8 159.6 -1.8
f 0 0 s 2.75 #000 1 m 0.5 0.75 q 6.15 -0.6 10.85 0.1 q 13.75 0.45 19.05 2.5 q 25.3 4.9 29.25 5.85 q 36.45 7.55 45.5 7.9 q 54.7 8.2 61.6 5.1 q 66.4 3 71.55 -1.75 q 78 -7.6 79.75 -8.7 q 84.65 -11.95 90.5 -11.95 q 100.15 -11.95 113.4 -8.4 q 119.6 -6.75 135.05 -4.3 q 148 -2.25 157.4 -2.2
f 0 0 s 2.75 #000 1 m 0.5 0.55 q 6.15 -0.9 10.85 -0.15 q 13.75 0.25 19.05 2.55 q 25.3 5.25 29.25 6.3 q 36.45 8.2 45.5 8.6 q 54.7 8.9 61.6 5.45 q 66.4 3.1 71.55 -2.25 q 78 -8.75 79.75 -10 q 84.65 -13.65 90.5 -13.65 q 100.15 -13.65 113.4 -9.65 q 119.6 -7.8 135.05 -5.1 q 148.85 -2.65 155.2 -2.6
f 0 0 s 2.75 #000 1 m 0.5 0.4 q 6.15 -1.3 10.85 -0.45 q 13.75 0.05 19.05 2.6 q 25.3 5.5 29.25 6.7 q 36.45 8.8 45.5 9.25 q 54.7 9.55 61.6 5.8 q 66.4 3.15 71.55 -2.7 q 78 -9.95 79.75 -11.35 q 84.65 -15.35 90.5 -15.3 q 100.15 -15.35 113.4 -10.9 q 119.6 -8.85 135.05 -5.9 q 149.75 -3.05 153 -3.05
f 0 0 s 2.75 #000 1 m 0.5 0.45 q 6.25 -1.05 11.05 -0.3 q 13.95 0.15 19.35 2.45 q 25.7 5.15 29.7 6.25 q 37 8.2 46.25 8.9 q 55.55 9.6 62.35 5.85 q 67.45 3.1 72.9 -2.4 q 79.4 -8.95 83.15 -10.5 q 89.5 -14.1 95.2 -14.15 q 103.95 -14.2 115.95 -10.2 q 122.35 -8.1 137.5 -5.3 q 152.1 -2.7 155.4 -2.65
f 0 0 s 2.75 #000 1 m 0.55 0.5 q 6.35 -0.85 11.2 -0.15 q 14.2 0.25 19.65 2.35 q 26.1 4.8 30.15 5.75 q 37.6 7.5 46.95 8.55 q 56.4 9.6 63.1 5.95 q 68.5 3 74.25 -2.15 q 80.75 -8.05 86.6 -9.7 q 94.3 -12.9 99.9 -13 q 107.7 -13.1 118.55 -9.5 q 125.15 -7.35 140 -4.75 q 154.4 -2.35 157.75 -2.3
f 0 0 s 2.75 #000 1 m 0.55 0.6 q 6.5 -0.7 11.4 -0.05 q 14.4 0.3 20 2.2 q 26.5 4.4 30.65 5.3 q 38.15 6.85 47.7 8.25 q 57.3 9.6 63.8 6 q 69.5 2.85 75.55 -1.85 q 82.15 -7.1 90 -8.9 q 99.15 -11.75 104.55 -11.85 q 111.5 -12 121.1 -8.85 q 127.9 -6.55 142.45 -4.25 q 156.75 -2 160.15 -1.95
f 0 0 s 2.75 #000 1 m 0.6 0.65 q 6.6 -0.5 11.55 0.1 q 14.65 0.4 20.3 2.1 q 26.9 4.05 31.1 4.8 q 38.75 6.15 48.4 7.9 q 58.15 9.6 64.55 6.1 q 70.55 2.75 76.9 -1.6 q 83.5 -6.2 93.45 -8.1 q 103.95 -10.55 109.25 -10.7 q 115.25 -10.9 123.7 -8.15 q 130.7 -5.8 144.95 -3.7 q 159.05 -1.65 162.5 -1.6
f 0 0 s 2.75 #000 1 m 0.6 0.65 q 6.65 -0.3 11.75 0.2 q 14.85 0.45 20.55 1.95 q 27.3 3.6 31.55 4.3 q 39.3 5.5 49.15 7.55 q 58.95 9.55 65.25 6.1 q 71.55 2.65 78.25 -1.3 q 84.9 -5.3 96.85 -7.3 q 108.75 -9.35 113.9 -9.6 q 119.05 -9.85 126.25 -7.45 q 133.4 -5.1 147.4 -3.2 q 161.35 -1.3 164.85 -1.3
f 0 0 s 2.75 #000 1 m 0.6 1 q 6.65 0.5 11.65 0.75 q 14.75 0.9 20.45 1.6 q 27.1 2.45 31.3 2.75 q 39 3.35 48.75 4.9 q 58.55 6.5 65 4.4 q 71.05 2.05 77.45 -0.05 q 84.1 -1.9 94 -3.3 q 104.6 -4.25 109.9 -4.4 q 116 -4.6 124.5 -3.5 q 131.55 -1.95 145.9 -0.95 q 160.15 0 163.6 0.05
f 0 0 s 2.75 #000 1 m 0.6 1.3 q 6.6 1.3 11.55 1.3 q 14.65 1.3 20.25 1.25 q 26.9 1.25 31.05 1.2 q 38.7 1.2 48.35 2.25 q 58.1 3.4 64.7 2.65 q 70.5 1.45 76.6 1.2 q 83.25 1.4 91.15 0.7 q 100.35 0.85 105.85 0.75 q 112.95 0.6 122.75 0.45 q 129.65 1.15 144.4 1.25 q 158.9 1.3 162.3 1.35
f 0 0 s 2.75 #000 1 m 0.55 1.6 q 6.5 2.1 11.5 1.85 q 14.5 1.7 20.1 0.95 q 26.65 0 30.85 -0.35 q 38.4 -1 47.95 -0.35 q 57.6 0.25 64.45 0.9 q 69.9 0.9 75.8 2.45 q 82.45 4.75 88.3 4.65 q 96.15 6 101.85 5.9 q 109.85 5.8 120.95 4.35 q 127.7 4.2 142.9 3.4 q 157.6 2.65 161.05 2.65
f 0 0 s 2.75 #000 1 m 0.55 1.9 q 6.45 2.9 11.4 2.4 q 14.4 2.1 19.9 0.6 q 26.45 -1.2 30.6 -1.9 q 38.1 -3.15 47.55 -3 q 57.15 -2.85 64.15 -0.85 q 69.35 0.3 74.95 3.7 q 81.6 8.05 85.45 8.65 q 91.9 11.1 97.8 11.05 q 106.8 11 119.2 8.3 q 125.8 7.3 141.4 5.6 q 156.35 3.95 159.75 3.95
f 0 0 s 2.75 #000 1 m 0.55 2.2 q 6.4 3.7 11.3 2.95 q 14.3 2.5 19.75 0.25 q 26.25 -2.4 30.35 -3.45 q 37.8 -5.3 47.15 -5.65 q 56.7 -5.95 63.85 -2.6 q 68.8 -0.3 74.15 4.95 q 80.8 11.4 82.6 12.65 q 87.7 16.2 93.75 16.2 q 103.75 16.2 117.45 12.25 q 123.9 10.4 139.9 7.8 q 155.1 5.25 158.45 5.25
f 0 0 s 2.75 #000 1 m 0.55 1.75 q 6.35 3.3 11.2 2.55 q 14.2 2.05 19.6 -0.25 q 26.05 -2.95 30.15 -4.05 q 37.55 -5.95 46.8 -6.3 q 56.3 -6.65 63.4 -3.2 q 68.3 -0.8 73.65 4.6 q 80.25 11.2 82.05 12.5 q 87.1 16.15 93.1 16.15 q 103.05 16.15 116.65 12.1 q 123.05 10.2 138.95 7.5 q 154.05 4.9 157.35 4.9
f 0 0 s 2.75 #000 1 m 0.55 1.3 q 6.3 2.9 11.1 2.1 q 14.1 1.65 19.45 -0.75 q 25.85 -3.55 29.9 -4.65 q 37.25 -6.6 46.5 -7 q 55.9 -7.3 62.95 -3.75 q 67.85 -1.3 73.1 4.25 q 79.7 11.05 81.45 12.35 q 86.5 16.1 92.45 16.1 q 102.3 16.1 115.85 11.95 q 122.2 10 137.95 7.25 q 152.95 4.55 156.25 4.55
f 0 0 s 2.75 #000 1 m 0.5 0.9 q 6.25 2.5 11.05 1.7 q 13.95 1.2 19.35 -1.25 q 25.7 -4.1 29.7 -5.25 q 37 -7.3 46.15 -7.65 q 55.5 -8 62.5 -4.35 q 67.35 -1.85 72.6 3.85 q 79.1 10.85 80.9 12.25 q 85.85 16.1 91.8 16.1 q 101.6 16.1 115 11.8 q 121.3 9.8 137 6.95 q 151.9 4.2 155.2 4.2
f 0 0 s 2.75 #000 1 m 0.5 0.45 q 6.2 2.1 10.95 1.25 q 13.85 0.8 19.2 -1.75 q 25.5 -4.7 29.45 -5.85 q 36.7 -7.95 45.85 -8.35 q 55.1 -8.65 62.05 -4.9 q 66.9 -2.35 72.05 3.5 q 78.55 10.7 80.3 12.1 q 85.25 16.05 91.15 16.05 q 100.85 16.05 114.2 11.65 q 120.45 9.6 136 6.7 q 150.8 3.85 154.1 3.85
f #000 1 m 182.4 32.5 q 182.35 20.05 172.4 12.55 q 164.05 6.2 149.65 3.95 q 142.8 2.9 132.8 2.65 q 121.5 2.55 115.9 2.35 q 75.7 1.15 70.95 0.95 q 45.9 0 35.95 1.45 q 16.35 4.3 5.3 16.4 q 0.4 21.75 0.05 27.85 q -0.3 34.05 4.2 39.6 q 11.2 48.2 31.5 52.3 q 44.3 54.85 76.6 56.8 q 116.2 59.15 129.45 59.35 q 135.75 59.45 149 59.6 q 160.45 59.25 168.15 56.3 q 181.45 51.2 182.55 33.4 q 182.55 32.85 182.4 32.5 m 179.45 33.25 q 179.4 33.55 179.5 33.8 q 178.1 51.8 160.9 55.3 q 156.1 56.3 141.65 56.4 q 128.15 56.5 115.85 56.05 q 105.55 55.75 67.25 53.25 q 39.75 51.4 26.7 48.2 q 15.95 45.55 9.4 40.45 q 0.4 33.4 3.7 24.25 q 6.45 16.65 15.85 11.15 q 23.5 6.65 32.95 4.85 q 41.5 3.2 53.25 3.3 q 53.75 3.3 73.7 4.05 q 88.9 4.6 119.3 5.45 q 124.25 5.6 137.2 5.9 q 149.1 6.45 157.15 8.5 q 180.05 14.2 179.45 33.25 h c
f #faa781 1 m 180.95 33.1 q 181.8 16.65 164.8 9.3 q 152.7 4.05 133.95 4.05 q 95.55 2.8 76.75 2.35 q 50.2 1.65 49.2 1.65 q 32.55 1.95 22.95 5.75 q 11.75 10.3 5.45 18.2 q -2.6 28.2 4.55 37.35 q 13.6 49.2 44.3 52.3 q 60.5 54.45 93.8 56.15 q 122.1 58.05 151.45 57.45 q 165.1 57.05 172.05 52.25 q 180.45 46.35 181.05 32.95 l 180.95 33.1 c
f #000 1 m 403.05 336.5 q 394.3 341.65 387.25 344.25 q 381.35 346.35 372.6 347.8 q 372.3 347.75 371.9 347.9 q 371.25 348 370.95 348.45 q 365.5 351.7 367.5 357.1 q 369.2 361.65 375.05 365.85 q 380.75 369.95 389.15 369.55 q 390.7 369.5 404 367.3 q 420.7 364.65 433.65 360.4 q 450.55 354.85 457.4 346.2 q 465.55 335.9 459.85 328 q 455.1 321.5 441.45 320.6 q 430.2 319.9 418.1 327.2 q 408.15 333.5 403.05 336.5 m 371.6 358.75 q 367.85 353.5 372.9 350.75 q 387.25 348.6 400.05 341.75 q 408.55 337.2 424.85 326.7 q 432.5 322.35 444.4 323.55 q 457.75 324.95 459.2 333.85 q 460.05 339.15 455 344.75 q 451.2 348.9 445.4 352.15 q 436.2 357.4 418.55 361.45 q 411 363.2 395.2 365.95 q 385.7 367.7 379.7 365.25 q 374.75 363.25 371.6 358.75 h c
f #d5d7e7 1 m 377 365.35 q 383.5 370.2 401.8 366.15 q 445.8 359.2 456.2 345.35 q 462.1 337.75 460.3 332 q 458.75 327 451.9 324.25 q 445.65 321.75 437.65 322.05 q 429.55 322.35 424.2 325.35 q 407.8 335.75 400 340.05 q 386.8 347.35 372.2 349.35 l 372.3 349.35 q 366.35 352.05 368.95 357.35 q 371.05 361.65 377 365.35 c
f #000 1 m 479.55 238.7 q 477.2 229.45 471.15 224.15 q 461.4 215.6 443.9 216.25 q 430.25 216.8 415.3 222.45 q 398.5 230.1 389.7 232.8 q 375.6 237.1 361.4 230.45 q 356.05 227.65 353.4 226.3 q 348.6 223.85 345 223.05 q 337 221.2 324.5 228.9 q 324.1 229.15 323.9 229.5 q 313.9 238.75 319.65 255.9 q 320.9 259.55 323.55 264.75 q 325.05 267.65 328.05 273.4 q 333.5 284.55 336.3 293.6 q 342.2 312.65 335.9 336.95 q 329.3 362.4 329.95 377.5 q 330.8 395.55 343.85 412.45 q 356.5 428.9 370.25 433.65 q 383.2 438.15 406 431.95 q 428.15 425.85 443.1 419.3 q 462.35 411 472.25 398.05 q 481.2 386.4 483.05 367.6 q 484.5 352.6 479.9 333.2 q 478.85 328.85 472.8 315 q 467.85 303.8 467.75 296.3 q 467.65 291.9 470 285.95 q 473 279.3 474.25 276.1 q 478.7 265.15 480.25 255.65 q 481.6 246.9 479.55 238.7 m 455.9 220.25 q 466.25 221.95 472.05 230.05 q 477.4 237.55 477.7 248.5 q 478 257.1 473.35 270.05 q 472.6 272.25 469.05 280.5 q 466.3 286.95 465.3 291.15 q 463.6 298.5 466.85 308.05 q 468.75 313.55 473.65 323.95 q 480.55 340.1 480.4 361.65 q 480.15 382.05 469.8 396.35 q 460.4 409.4 435.75 419.1 q 414.4 427.55 396.75 431.1 q 373.75 435.75 358.5 423.45 q 340.55 408.95 334.8 389 q 331.9 378.9 333.1 366 q 333.95 357.1 337.4 343.2 q 340.6 330.25 341.55 323.6 q 343.05 312.9 341.7 303.65 q 339.75 290.25 328.55 267.65 q 322.2 254.8 321.05 249.25 q 318.7 238.05 326.2 231.4 q 336.1 225.4 342.75 225.75 q 345.95 225.95 349.95 227.8 q 352.25 228.9 356.6 231.35 q 373.05 240.05 388.75 236.15 q 395.2 234.55 406.85 229.35 q 418.85 224.05 424.9 222.4 q 441.6 217.95 455.9 220.25 h c
f #a5deec 1 m 63.7 -82.75 q 58.75 -94.65 44.75 -96.7 q 35.6 -98.05 19.65 -94.95 q 14.4 -93.8 6.65 -90.45 q -6.15 -85 -6.2 -84.95 q -21.75 -79 -32.7 -83.15 q -36.45 -84.6 -42.1 -87.6 q -47.15 -90.35 -49.6 -91.05 q -57.35 -93.45 -68.45 -86.55 l -68.4 -86.55 q -73.6 -82.3 -73.8 -74.75 q -74 -68.35 -70.65 -61.35 q -60 -40.05 -57.4 -31.5 q -52.55 -15.25 -56.25 1 q -62 23.4 -62.75 31.95 q -64.35 49.3 -57.15 62.5 q -53.35 69.75 -46.3 77.15 q -38.9 85.1 -32.3 88.25 q -19.8 94.45 3.05 87.8 q 24.1 81.15 28.6 79.45 q 43.15 73.8 51.9 66.45 q 64.9 55.55 67.6 36.8 q 69.8 21.35 65 2.3 q 63.95 -1.65 61.35 -7.55 q 57.65 -15.9 57.2 -17.15 q 52.8 -28.5 56.25 -36.95 q 63.2 -53.75 64.55 -59.35 q 67.7 -72.15 63.7 -82.75 c
f 0 0 s 1 #396 1 m -40.25 -69.5 l 46.85 -69.5
f #000 1 m 344.5 174.1 q 343.9 173.55 343 174 q 342.1 174.4 342.15 175.2 l 343.85 221.85 q 343.05 221.65 342.45 222.55 q 341.6 223.8 342.75 224.65 l 379.05 250.9 q 379.9 251.55 382.5 251.1 q 383.85 250.85 385.95 250.3 l 451.85 240.3 q 453.05 240.1 453.05 238.95 l 455.8 164.6 q 455.85 163.45 454.8 163.05 q 453.75 162.7 453.05 163.6 l 426.35 196.3 l 408.5 166.5 q 408.05 165.8 407.25 165.7 q 406.4 165.6 405.9 166.3 l 379.6 203.95 l 344.5 174.1 m 424.8 199.55 q 425.25 200.3 426.05 200.4 q 426.85 200.45 427.4 199.75 l 452.6 168.8 l 450.1 237.5 l 381.35 247.95 q 380.65 248.05 380.2 248.05 l 346.9 223.9 l 345.2 178.65 l 379.05 207.4 q 380.2 208.35 381.15 207.05 l 407 169.95 l 424.8 199.55 h c
f #f5d044 1 m 40.45 -155.45 l 12.3 -121 l -6.75 -152.75 l -33.95 -113.75 l -70.2 -144.55 l -68.4 -95.6 l -70.2 -96.5 l -33.95 -70.2 l 37.7 -81.1 l 40.45 -155.45 c
f 0 0 s 1 #396 1 m -40.25 -69.55 l 46.85 -69.55
f #c00 1 m 288.4 751.4 q 289 750.8 289 750 l 289 744 q 289 743.15 288.4 742.55 q 287.8 741.95 287 742 q 286.15 741.95 285.55 742.55 q 284.95 743.15 285 744 l 285 750 q 284.95 750.8 285.55 751.4 q 286.15 752 287 752 q 287.8 752 288.4 751.4 c f #c00 1 m 288.4 739.4 q 289 738.8 289 738 l 289 732 q 289 731.15 288.4 730.55 q 287.8 729.95 287 730 q 286.15 729.95 285.55 730.55 q 284.95 731.15 285 732 l 285 738 q 284.95 738.8 285.55 739.4 q 286.15 740 287 740 q 287.8 740 288.4 739.4 c f #c00 1 m 288.4 718.55 q 287.8 717.95 287 718 q 286.15 717.95 285.55 718.55 q 284.95 719.15 285 720 l 285 726 q 284.95 726.8 285.55 727.4 q 286.15 728 287 728 q 287.8 728 288.4 727.4 q 289 726.8 289 726 l 289 720 q 289 719.15 288.4 718.55 c f #c00 1 m 288.4 706.55 q 287.8 705.95 287 706 q 286.15 705.95 285.55 706.55 q 284.95 707.15 285 708 l 285 714 q 284.95 714.8 285.55 715.4 q 286.15 716 287 716 q 287.8 716 288.4 715.4 q 289 714.8 289 714 l 289 708 q 289 707.15 288.4 706.55 c f #c00 1 m 288.4 694.55 q 287.8 693.95 287 694 q 286.15 693.95 285.55 694.55 q 284.95 695.15 285 696 l 285 702 q 284.95 702.8 285.55 703.4 q 286.15 704 287 704 q 287.8 704 288.4 703.4 q 289 702.8 289 702 l 289 696 q 289 695.15 288.4 694.55 c f #c00 1 m 288.4 682.55 q 287.8 681.95 287 682 q 286.15 681.95 285.55 682.55 q 284.95 683.15 285 684 l 285 690 q 284.95 690.8 285.55 691.4 q 286.15 692 287 692 q 287.8 692 288.4 691.4 q 289 690.8 289 690 l 289 684 q 289 683.15 288.4 682.55 c f #c00 1 m 288.4 670.55 q 287.8 669.95 287 670 q 286.15 669.95 285.55 670.55 q 284.95 671.15 285 672 l 285 678 q 284.95 678.8 285.55 679.4 q 286.15 680 287 680 q 287.8 680 288.4 679.4 q 289 678.8 289 678 l 289 672 q 289 671.15 288.4 670.55 c f #c00 1 m 288.4 658.55 q 287.8 657.95 287 658 q 286.15 657.95 285.55 658.55 q 284.95 659.15 285 660 l 285 666 q 284.95 666.8 285.55 667.4 q 286.15 668 287 668 q 287.8 668 288.4 667.4 q 289 666.8 289 666 l 289 660 q 289 659.15 288.4 658.55 c f #c00 1 m 288.4 655.4 q 289 654.8 289 654 l 289 648 q 289 647.15 288.4 646.55 q 287.8 645.95 287 646 q 286.15 645.95 285.55 646.55 q 284.95 647.15 285 648 l 285 654 q 284.95 654.8 285.55 655.4 q 286.15 656 287 656 q 287.8 656 288.4 655.4 c f #c00 1 m 285.55 634.55 q 284.95 635.15 285 636 l 285 642 q 284.95 642.8 285.55 643.4 q 286.15 644 287 644 q 287.8 644 288.4 643.4 q 289 642.8 289 642 l 289 636 q 289 635.15 288.4 634.55 q 287.8 633.95 287 634 q 286.15 633.95 285.55 634.55 c f #c00 1 m 285.55 622.55 q 284.95 623.15 285 624 l 285 630 q 284.95 630.8 285.55 631.4 q 286.15 632 287 632 q 287.8 632 288.4 631.4 q 289 630.8 289 630 l 289 624 q 289 623.15 288.4 622.55 q 287.8 621.95 287 622 q 286.15 621.95 285.55 622.55 c f #c00 1 m 289 618 l 289 612 q 289 611.15 288.4 610.55 q 287.8 609.95 287 610 q 286.15 609.95 285.55 610.55 q 284.95 611.15 285 612 l 285 618 q 284.95 618.8 285.55 619.4 q 286.15 620 287 620 q 287.8 620 288.4 619.4 q 289 618.8 289 618 c f #c00 1 m 285.55 598.55 q 284.95 599.15 285 600 l 285 606 q 284.95 606.8 285.55 607.4 q 286.15 608 287 608 q 287.8 608 288.4 607.4 q 289 606.8 289 606 l 289 600 q 289 599.15 288.4 598.55 q 287.8 597.95 287 598 q 286.15 597.95 285.55 598.55 c f #c00 1 m 285.55 586.55 q 284.95 587.15 285 588 l 285 594 q 284.95 594.8 285.55 595.4 q 286.15 596 287 596 q 287.8 596 288.4 595.4 q 289 594.8 289 594 l 289 588 q 289 587.15 288.4 586.55 q 287.8 585.95 287 586 q 286.15 585.95 285.55 586.55 c f #c00 1 m 285.55 574.55 q 284.95 575.15 285 576 l 285 582 q 284.95 582.8 285.55 583.4 q 286.15 584 287 584 q 287.8 584 288.4 583.4 q 289 582.8 289 582 l 289 576 q 289 575.15 288.4 574.55 q 287.8 573.95 287 574 q 286.15 573.95 285.55 574.55 c f #c00 1 m 289 564 q 289 563.15 288.4 562.55 q 287.8 561.95 287 562 q 286.15 561.95 285.55 562.55 q 284.95 563.15 285 564 l 285 570 q 284.95 570.8 285.55 571.4 q 286.15 572 287 572 q 287.8 572 288.4 571.4 q 289 570.8 289 570 l 289 564 c f #c00 1 m 285.55 550.55 q 284.95 551.15 285 552 l 285 558 q 284.95 558.8 285.55 559.4 q 286.15 560 287 560 q 287.8 560 288.4 559.4 q 289 558.8 289 558 l 289 552 q 289 551.15 288.4 550.55 q 287.8 549.95 287 550 q 286.15 549.95 285.55 550.55 c f #c00 1 m 285.55 538.55 q 284.95 539.15 285 540 l 285 546 q 284.95 546.8 285.55 547.4 q 286.15 548 287 548 q 287.8 548 288.4 547.4 q 289 546.8 289 546 l 289 540 q 289 539.15 288.4 538.55 q 287.8 537.95 287 538 q 286.15 537.95 285.55 538.55 c f #c00 1 m 285.55 526.55 q 284.95 527.15 285 528 l 285 534 q 284.95 534.8 285.55 535.4 q 286.15 536 287 536 q 287.8 536 288.4 535.4 q 289 534.8 289 534 l 289 528 q 289 527.15 288.4 526.55 q 287.8 525.95 287 526 q 286.15 525.95 285.55 526.55 c f #c00 1 m 289 516 q 289 515.15 288.4 514.55 q 287.8 513.95 287 514 q 286.15 513.95 285.55 514.55 q 284.95 515.15 285 516 l 285 522 q 284.95 522.8 285.55 523.4 q 286.15 524 287 524 q 287.8 524 288.4 523.4 q 289 522.8 289 522 l 289 516 c f #c00 1 m 285.55 502.55 q 284.95 503.15 285 504 l 285 510 q 284.95 510.8 285.55 511.4 q 286.15 512 287 512 q 287.8 512 288.4 511.4 q 289 510.8 289 510 l 289 504 q 289 503.15 288.4 502.55 q 287.8 501.95 287 502 q 286.15 501.95 285.55 502.55 c f #c00 1 m 285.55 490.55 q 284.95 491.15 285 492 l 285 498 q 284.95 498.8 285.55 499.4 q 286.15 500 287 500 q 287.8 500 288.4 499.4 q 289 498.8 289 498 l 289 492 q 289 491.15 288.4 490.55 q 287.8 489.95 287 490 q 286.15 489.95 285.55 490.55 c f #c00 1 m 285.55 478.55 q 284.95 479.15 285 480 l 285 486 q 284.95 486.8 285.55 487.4 q 286.15 488 287 488 q 287.8 488 288.4 487.4 q 289 486.8 289 486 l 289 480 q 289 479.15 288.4 478.55 q 287.8 477.95 287 478 q 286.15 477.95 285.55 478.55 c f #c00 1 m 289 468 q 289 467.15 288.4 466.55 q 287.8 465.95 287 466 q 286.15 465.95 285.55 466.55 q 284.95 467.15 285 468 l 285 474 q 284.95 474.8 285.55 475.4 q 286.15 476 287 476 q 287.8 476 288.4 475.4 q 289 474.8 289 474 l 289 468 c f #c00 1 m 285.55 454.55 q 284.95 455.15 285 456 l 285 462 q 284.95 462.8 285.55 463.4 q 286.15 464 287 464 q 287.8 464 288.4 463.4 q 289 462.8 289 462 l 289 456 q 289 455.15 288.4 454.55 q 287.8 453.95 287 454 q 286.15 453.95 285.55 454.55 c f #c00 1 m 285.55 442.55 q 284.95 443.15 285 444 l 285 450 q 284.95 450.8 285.55 451.4 q 286.15 452 287 452 q 287.8 452 288.4 451.4 q 289 450.8 289 450 l 289 444 q 289 443.15 288.4 442.55 q 287.8 441.95 287 442 q 286.15 441.95 285.55 442.55 c f #c00 1 m 285.55 430.55 q 284.95 431.15 285 432 l 285 438 q 284.95 438.8 285.55 439.4 q 286.15 440 287 440 q 287.8 440 288.4 439.4 q 289 438.8 289 438 l 289 432 q 289 431.15 288.4 430.55 q 287.8 429.95 287 430 q 286.15 429.95 285.55 430.55 c f #c00 1 m 289 420 q 289 419.15 288.4 418.55 q 287.8 417.95 287 418 q 286.15 417.95 285.55 418.55 q 284.95 419.15 285 420 l 285 426 q 284.95 426.8 285.55 427.4 q 286.15 428 287 428 q 287.8 428 288.4 427.4 q 289 426.8 289 426 l 289 420 c f #c00 1 m 285.55 406.55 q 284.95 407.15 285 408 l 285 414 q 284.95 414.8 285.55 415.4 q 286.15 416 287 416 q 287.8 416 288.4 415.4 q 289 414.8 289 414 l 289 408 q 289 407.15 288.4 406.55 q 287.8 405.95 287 406 q 286.15 405.95 285.55 406.55 c f #c00 1 m 287 394 q 286.15 393.95 285.55 394.55 q 284.95 395.15 285 396 l 285 402 q 284.95 402.8 285.55 403.4 q 286.15 404 287 404 q 287.8 404 288.4 403.4 q 289 402.8 289 402 l 289 396 q 289 395.15 288.4 394.55 q 287.8 393.95 287 394 c f #c00 1 m 287 382 q 286.15 381.95 285.55 382.55 q 284.95 383.15 285 384 l 285 390 q 284.95 390.8 285.55 391.4 q 286.15 392 287 392 q 287.8 392 288.4 391.4 q 289 390.8 289 390 l 289 384 q 289 383.15 288.4 382.55 q 287.8 381.95 287 382 c f #c00 1 m 288.4 370.55 q 287.8 369.95 287 370 q 286.15 369.95 285.55 370.55 q 284.95 371.15 285 372 l 285 378 q 284.95 378.8 285.55 379.4 q 286.15 380 287 380 q 287.8 380 288.4 379.4 q 289 378.8 289 378 l 289 372 q 289 371.15 288.4 370.55 c f #c00 1 m 288.4 358.55 q 287.8 357.95 287 358 q 286.15 357.95 285.55 358.55 q 284.95 359.15 285 360 l 285 366 q 284.95 366.8 285.55 367.4 q 286.15 368 287 368 q 287.8 368 288.4 367.4 q 289 366.8 289 366 l 289 360 q 289 359.15 288.4 358.55 c f #c00 1 m 285.55 346.55 q 284.95 347.15 285 348 l 285 354 q 284.95 354.8 285.55 355.4 q 286.15 356 287 356 q 287.8 356 288.4 355.4 q 289 354.8 289 354 l 289 348 q 289 347.15 288.4 346.55 q 287.8 345.95 287 346 q 286.15 345.95 285.55 346.55 c f #c00 1 m 288.4 343.4 q 289 342.8 289 342 l 289 336 q 289 335.15 288.4 334.55 q 287.8 333.95 287 334 q 286.15 333.95 285.55 334.55 q 284.95 335.15 285 336 l 285 342 q 284.95 342.8 285.55 343.4 q 286.15 344 287 344 q 287.8 344 288.4 343.4 c f #c00 1 m 288.4 322.55 q 287.8 321.95 287 322 q 286.15 321.95 285.55 322.55 q 284.95 323.15 285 324 l 285 330 q 284.95 330.8 285.55 331.4 q 286.15 332 287 332 q 287.8 332 288.4 331.4 q 289 330.8 289 330 l 289 324 q 289 323.15 288.4 322.55 c f #c00 1 m 288.4 310.55 q 287.8 309.95 287 310 q 286.15 309.95 285.55 310.55 q 284.95 311.15 285 312 l 285 318 q 284.95 318.8 285.55 319.4 q 286.15 320 287 320 q 287.8 320 288.4 319.4 q 289 318.8 289 318 l 289 312 q 289 311.15 288.4 310.55 c f #c00 1 m 288.4 298.55 q 287.8 297.95 287 298 q 286.15 297.95 285.55 298.55 q 284.95 299.15 285 300 l 285 306 q 284.95 306.8 285.55 307.4 q 286.15 308 287 308 q 287.8 308 288.4 307.4 q 289 306.8 289 306 l 289 300 q 289 299.15 288.4 298.55 c f #c00 1 m 288.4 286.55 q 287.8 285.95 287 286 q 286.15 285.95 285.55 286.55 q 284.95 287.15 285 288 l 285 294 q 284.95 294.8 285.55 295.4 q 286.15 296 287 296 q 287.8 296 288.4 295.4 q 289 294.8 289 294 l 289 288 q 289 287.15 288.4 286.55 c f #c00 1 m 288.4 274.55 q 287.8 273.95 287 274 q 286.15 273.95 285.55 274.55 q 284.95 275.15 285 276 l 285 282 q 284.95 282.8 285.55 283.4 q 286.15 284 287 284 q 287.8 284 288.4 283.4 q 289 282.8 289 282 l 289 276 q 289 275.15 288.4 274.55 c f #c00 1 m 288.4 262.55 q 287.8 261.95 287 262 q 286.15 261.95 285.55 262.55 q 284.95 263.15 285 264 l 285 270 q 284.95 270.8 285.55 271.4 q 286.15 272 287 272 q 287.8 272 288.4 271.4 q 289 270.8 289 270 l 289 264 q 289 263.15 288.4 262.55 c f #c00 1 m 288.4 259.4 q 289 258.8 289 258 l 289 252 q 289 251.15 288.4 250.55 q 287.8 249.95 287 250 q 286.15 249.95 285.55 250.55 q 284.95 251.15 285 252 l 285 258 q 284.95 258.8 285.55 259.4 q 286.15 260 287 260 q 287.8 260 288.4 259.4 c f #c00 1 m 285.55 238.55 q 284.95 239.15 285 240 l 285 246 q 284.95 246.8 285.55 247.4 q 286.15 248 287 248 q 287.8 248 288.4 247.4 q 289 246.8 289 246 l 289 240 q 289 239.15 288.4 238.55 q 287.8 237.95 287 238 q 286.15 237.95 285.55 238.55 c f #c00 1 m 285.55 226.55 q 284.95 227.15 285 228 l 285 234 q 284.95 234.8 285.55 235.4 q 286.15 236 287 236 q 287.8 236 288.4 235.4 q 289 234.8 289 234 l 289 228 q 289 227.15 288.4 226.55 q 287.8 225.95 287 226 q 286.15 225.95 285.55 226.55 c f #c00 1 m 289 222 l 289 216 q 289 215.15 288.4 214.55 q 287.8 213.95 287 214 q 286.15 213.95 285.55 214.55 q 284.95 215.15 285 216 l 285 222 q 284.95 222.8 285.55 223.4 q 286.15 224 287 224 q 287.8 224 288.4 223.4 q 289 222.8 289 222 c f #c00 1 m 285.55 202.55 q 284.95 203.15 285 204 l 285 210 q 284.95 210.8 285.55 211.4 q 286.15 212 287 212 q 287.8 212 288.4 211.4 q 289 210.8 289 210 l 289 204 q 289 203.15 288.4 202.55 q 287.8 201.95 287 202 q 286.15 201.95 285.55 202.55 c f #c00 1 m 285.55 190.55 q 284.95 191.15 285 192 l 285 198 q 284.95 198.8 285.55 199.4 q 286.15 200 287 200 q 287.8 200 288.4 199.4 q 289 198.8 289 198 l 289 192 q 289 191.15 288.4 190.55 q 287.8 189.95 287 190 q 286.15 189.95 285.55 190.55 c f #c00 1 m 285.55 178.55 q 284.95 179.15 285 180 l 285 186 q 284.95 186.8 285.55 187.4 q 286.15 188 287 188 q 287.8 188 288.4 187.4 q 289 186.8 289 186 l 289 180 q 289 179.15 288.4 178.55 q 287.8 177.95 287 178 q 286.15 177.95 285.55 178.55 c f #c00 1 m 289 168 q 289 167.15 288.4 166.55 q 287.8 165.95 287 166 q 286.15 165.95 285.55 166.55 q 284.95 167.15 285 168 l 285 174 q 284.95 174.8 285.55 175.4 q 286.15 176 287 176 q 287.8 176 288.4 175.4 q 289 174.8 289 174 l 289 168 c f #c00 1 m 285.55 154.55 q 284.95 155.15 285 156 l 285 162 q 284.95 162.8 285.55 163.4 q 286.15 164 287 164 q 287.8 164 288.4 163.4 q 289 162.8 289 162 l 289 156 q 289 155.15 288.4 154.55 q 287.8 153.95 287 154 q 286.15 153.95 285.55 154.55 c f #c00 1 m 285.55 142.55 q 284.95 143.15 285 144 l 285 150 q 284.95 150.8 285.55 151.4 q 286.15 152 287 152 q 287.8 152 288.4 151.4 q 289 150.8 289 150 l 289 144 q 289 143.15 288.4 142.55 q 287.8 141.95 287 142 q 286.15 141.95 285.55 142.55 c f #c00 1 m 285.55 130.55 q 284.95 131.15 285 132 l 285 138 q 284.95 138.8 285.55 139.4 q 286.15 140 287 140 q 287.8 140 288.4 139.4 q 289 138.8 289 138 l 289 132 q 289 131.15 288.4 130.55 q 287.8 129.95 287 130 q 286.15 129.95 285.55 130.55 c f #c00 1 m 289 120 q 289 119.15 288.4 118.55 q 287.8 117.95 287 118 q 286.15 117.95 285.55 118.55 q 284.95 119.15 285 120 l 285 126 q 284.95 126.8 285.55 127.4 q 286.15 128 287 128 q 287.8 128 288.4 127.4 q 289 126.8 289 126 l 289 120 c f #c00 1 m 285.55 106.55 q 284.95 107.15 285 108 l 285 114 q 284.95 114.8 285.55 115.4 q 286.15 116 287 116 q 287.8 116 288.4 115.4 q 289 114.8 289 114 l 289 108 q 289 107.15 288.4 106.55 q 287.8 105.95 287 106 q 286.15 105.95 285.55 106.55 c f #c00 1 m 285.55 94.55 q 284.95 95.15 285 96 l 285 102 q 284.95 102.8 285.55 103.4 q 286.15 104 287 104 q 287.8 104 288.4 103.4 q 289 102.8 289 102 l 289 96 q 289 95.15 288.4 94.55 q 287.8 93.95 287 94 q 286.15 93.95 285.55 94.55 c f #c00 1 m 285.55 82.55 q 284.95 83.15 285 84 l 285 90 q 284.95 90.8 285.55 91.4 q 286.15 92 287 92 q 287.8 92 288.4 91.4 q 289 90.8 289 90 l 289 84 q 289 83.15 288.4 82.55 q 287.8 81.95 287 82 q 286.15 81.95 285.55 82.55 c f #c00 1 m 289 72 q 289 71.15 288.4 70.55 q 287.8 69.95 287 70 q 286.15 69.95 285.55 70.55 q 284.95 71.15 285 72 l 285 78 q 284.95 78.8 285.55 79.4 q 286.15 80 287 80 q 287.8 80 288.4 79.4 q 289 78.8 289 78 l 289 72 c f #c00 1 m 285.55 58.55 q 284.95 59.15 285 60 l 285 66 q 284.95 66.8 285.55 67.4 q 286.15 68 287 68 q 287.8 68 288.4 67.4 q 289 66.8 289 66 l 289 60 q 289 59.15 288.4 58.55 q 287.8 57.95 287 58 q 286.15 57.95 285.55 58.55 c f #c00 1 m 285.55 46.55 q 284.95 47.15 285 48 l 285 54 q 284.95 54.8 285.55 55.4 q 286.15 56 287 56 q 287.8 56 288.4 55.4 q 289 54.8 289 54 l 289 48 q 289 47.15 288.4 46.55 q 287.8 45.95 287 46 q 286.15 45.95 285.55 46.55 c f #c00 1 m 285.55 34.55 q 284.95 35.15 285 36 l 285 42 q 284.95 42.8 285.55 43.4 q 286.15 44 287 44 q 287.8 44 288.4 43.4 q 289 42.8 289 42 l 289 36 q 289 35.15 288.4 34.55 q 287.8 33.95 287 34 q 286.15 33.95 285.55 34.55 c f #c00 1 m 289 24 q 289 23.15 288.4 22.55 q 287.8 21.95 287 22 q 286.15 21.95 285.55 22.55 q 284.95 23.15 285 24 l 285 30 q 284.95 30.8 285.55 31.4 q 286.15 32 287 32 q 287.8 32 288.4 31.4 q 289 30.8 289 30 l 289 24 c f #c00 1 m 285.55 10.55 q 284.95 11.15 285 12 l 285 18 q 284.95 18.8 285.55 19.4 q 286.15 20 287 20 q 287.8 20 288.4 19.4 q 289 18.8 289 18 l 289 12 q 289 11.15 288.4 10.55 q 287.8 9.95 287 10 q 286.15 9.95 285.55 10.55 c f #c00 1 m 1335 750 q 1334.95 750.8 1335.55 751.4 q 1336.15 752 1337 752 q 1337.8 752 1338.4 751.4 q 1339 750.8 1339 750 l 1339 744 q 1339 743.15 1338.4 742.55 q 1337.8 741.95 1337 742 q 1336.15 741.95 1335.55 742.55 q 1334.95 743.15 1335 744 l 1335 750 c f #c00 1 m 1339 738 l 1339 732 q 1339 731.15 1338.4 730.55 q 1337.8 729.95 1337 730 q 1336.15 729.95 1335.55 730.55 q 1334.95 731.15 1335 732 l 1335 738 q 1334.95 738.8 1335.55 739.4 q 1336.15 740 1337 740 q 1337.8 740 1338.4 739.4 q 1339 738.8 1339 738 c f #c00 1 m 1338.4 727.4 q 1339 726.8 1339 726 l 1339 720 q 1339 719.15 1338.4 718.55 q 1337.8 717.95 1337 718 q 1336.15 717.95 1335.55 718.55 q 1334.95 719.15 1335 720 l 1335 726 q 1334.95 726.8 1335.55 727.4 q 1336.15 728 1337 728 q 1337.8 728 1338.4 727.4 c f #c00 1 m 1338.4 715.4 q 1339 714.8 1339 714 l 1339 708 q 1339 707.15 1338.4 706.55 q 1337.8 705.95 1337 706 q 1336.15 705.95 1335.55 706.55 q 1334.95 707.15 1335 708 l 1335 714 q 1334.95 714.8 1335.55 715.4 q 1336.15 716 1337 716 q 1337.8 716 1338.4 715.4 c f #c00 1 m 1338.4 703.4 q 1339 702.8 1339 702 l 1339 696 q 1339 695.15 1338.4 694.55 q 1337.8 693.95 1337 694 q 1336.15 693.95 1335.55 694.55 q 1334.95 695.15 1335 696 l 1335 702 q 1334.95 702.8 1335.55 703.4 q 1336.15 704 1337 704 q 1337.8 704 1338.4 703.4 c f #c00 1 m 1335 684 l 1335 690 q 1334.95 690.8 1335.55 691.4 q 1336.15 692 1337 692 q 1337.8 692 1338.4 691.4 q 1339 690.8 1339 690 l 1339 684 q 1339 683.15 1338.4 682.55 q 1337.8 681.95 1337 682 q 1336.15 681.95 1335.55 682.55 q 1334.95 683.15 1335 684 c f #c00 1 m 1335 672 l 1335 678 q 1334.95 678.8 1335.55 679.4 q 1336.15 680 1337 680 q 1337.8 680 1338.4 679.4 q 1339 678.8 1339 678 l 1339 672 q 1339 671.15 1338.4 670.55 q 1337.8 669.95 1337 670 q 1336.15 669.95 1335.55 670.55 q 1334.95 671.15 1335 672 c f #c00 1 m 1335 666 q 1334.95 666.8 1335.55 667.4 q 1336.15 668 1337 668 q 1337.8 668 1338.4 667.4 q 1339 666.8 1339 666 l 1339 660 q 1339 659.15 1338.4 658.55 q 1337.8 657.95 1337 658 q 1336.15 657.95 1335.55 658.55 q 1334.95 659.15 1335 660 l 1335 666 c f #c00 1 m 1335 654 q 1334.95 654.8 1335.55 655.4 q 1336.15 656 1337 656 q 1337.8 656 1338.4 655.4 q 1339 654.8 1339 654 l 1339 648 q 1339 647.15 1338.4 646.55 q 1337.8 645.95 1337 646 q 1336.15 645.95 1335.55 646.55 q 1334.95 647.15 1335 648 l 1335 654 c f #c00 1 m 1339 642 l 1339 636 q 1339 635.15 1338.4 634.55 q 1337.8 633.95 1337 634 q 1336.15 633.95 1335.55 634.55 q 1334.95 635.15 1335 636 l 1335 642 q 1334.95 642.8 1335.55 643.4 q 1336.15 644 1337 644 q 1337.8 644 1338.4 643.4 q 1339 642.8 1339 642 c f #c00 1 m 1338.4 622.55 q 1337.8 621.95 1337 622 q 1336.15 621.95 1335.55 622.55 q 1334.95 623.15 1335 624 l 1335 630 q 1334.95 630.8 1335.55 631.4 q 1336.15 632 1337 632 q 1337.8 632 1338.4 631.4 q 1339 630.8 1339 630 l 1339 624 q 1339 623.15 1338.4 622.55 c f #c00 1 m 1339 612 q 1339 611.15 1338.4 610.55 q 1337.8 609.95 1337 610 q 1336.15 609.95 1335.55 610.55 q 1334.95 611.15 1335 612 l 1335 618 q 1334.95 618.8 1335.55 619.4 q 1336.15 620 1337 620 q 1337.8 620 1338.4 619.4 q 1339 618.8 1339 618 l 1339 612 c f #c00 1 m 1338.4 598.55 q 1337.8 597.95 1337 598 q 1336.15 597.95 1335.55 598.55 q 1334.95 599.15 1335 600 l 1335 606 q 1334.95 606.8 1335.55 607.4 q 1336.15 608 1337 608 q 1337.8 608 1338.4 607.4 q 1339 606.8 1339 606 l 1339 600 q 1339 599.15 1338.4 598.55 c f #c00 1 m 1335.55 586.55 q 1334.95 587.15 1335 588 l 1335 594 q 1334.95 594.8 1335.55 595.4 q 1336.15 596 1337 596 q 1337.8 596 1338.4 595.4 q 1339 594.8 1339 594 l 1339 588 q 1339 587.15 1338.4 586.55 q 1337.8 585.95 1337 586 q 1336.15 585.95 1335.55 586.55 c f #c00 1 m 1335.55 574.55 q 1334.95 575.15 1335 576 l 1335 582 q 1334.95 582.8 1335.55 583.4 q 1336.15 584 1337 584 q 1337.8 584 1338.4 583.4 q 1339 582.8 1339 582 l 1339 576 q 1339 575.15 1338.4 574.55 q 1337.8 573.95 1337 574 q 1336.15 573.95 1335.55 574.55 c f #c00 1 m 1335.55 562.55 q 1334.95 563.15 1335 564 l 1335 570 q 1334.95 570.8 1335.55 571.4 q 1336.15 572 1337 572 q 1337.8 572 1338.4 571.4 q 1339 570.8 1339 570 l 1339 564 q 1339 563.15 1338.4 562.55 q 1337.8 561.95 1337 562 q 1336.15 561.95 1335.55 562.55 c f #c00 1 m 1335 558 q 1334.95 558.8 1335.55 559.4 q 1336.15 560 1337 560 q 1337.8 560 1338.4 559.4 q 1339 558.8 1339 558 l 1339 552 q 1339 551.15 1338.4 550.55 q 1337.8 549.95 1337 550 q 1336.15 549.95 1335.55 550.55 q 1334.95 551.15 1335 552 l 1335 558 c f #c00 1 m 1338.4 538.55 q 1337.8 537.95 1337 538 q 1336.15 537.95 1335.55 538.55 q 1334.95 539.15 1335 540 l 1335 546 q 1334.95 546.8 1335.55 547.4 q 1336.15 548 1337 548 q 1337.8 548 1338.4 547.4 q 1339 546.8 1339 546 l 1339 540 q 1339 539.15 1338.4 538.55 c f #c00 1 m 1338.4 526.55 q 1337.8 525.95 1337 526 q 1336.15 525.95 1335.55 526.55 q 1334.95 527.15 1335 528 l 1335 534 q 1334.95 534.8 1335.55 535.4 q 1336.15 536 1337 536 q 1337.8 536 1338.4 535.4 q 1339 534.8 1339 534 l 1339 528 q 1339 527.15 1338.4 526.55 c f #c00 1 m 1339 516 q 1339 515.15 1338.4 514.55 q 1337.8 513.95 1337 514 q 1336.15 513.95 1335.55 514.55 q 1334.95 515.15 1335 516 l 1335 522 q 1334.95 522.8 1335.55 523.4 q 1336.15 524 1337 524 q 1337.8 524 1338.4 523.4 q 1339 522.8 1339 522 l 1339 516 c f #c00 1 m 1338.4 502.55 q 1337.8 501.95 1337 502 q 1336.15 501.95 1335.55 502.55 q 1334.95 503.15 1335 504 l 1335 510 q 1334.95 510.8 1335.55 511.4 q 1336.15 512 1337 512 q 1337.8 512 1338.4 511.4 q 1339 510.8 1339 510 l 1339 504 q 1339 503.15 1338.4 502.55 c f #c00 1 m 1335.55 490.55 q 1334.95 491.15 1335 492 l 1335 498 q 1334.95 498.8 1335.55 499.4 q 1336.15 500 1337 500 q 1337.8 500 1338.4 499.4 q 1339 498.8 1339 498 l 1339 492 q 1339 491.15 1338.4 490.55 q 1337.8 489.95 1337 490 q 1336.15 489.95 1335.55 490.55 c f #c00 1 m 1335.55 478.55 q 1334.95 479.15 1335 480 l 1335 486 q 1334.95 486.8 1335.55 487.4 q 1336.15 488 1337 488 q 1337.8 488 1338.4 487.4 q 1339 486.8 1339 486 l 1339 480 q 1339 479.15 1338.4 478.55 q 1337.8 477.95 1337 478 q 1336.15 477.95 1335.55 478.55 c f #c00 1 m 1335.55 466.55 q 1334.95 467.15 1335 468 l 1335 474 q 1334.95 474.8 1335.55 475.4 q 1336.15 476 1337 476 q 1337.8 476 1338.4 475.4 q 1339 474.8 1339 474 l 1339 468 q 1339 467.15 1338.4 466.55 q 1337.8 465.95 1337 466 q 1336.15 465.95 1335.55 466.55 c f #c00 1 m 1335 462 q 1334.95 462.8 1335.55 463.4 q 1336.15 464 1337 464 q 1337.8 464 1338.4 463.4 q 1339 462.8 1339 462 l 1339 456 q 1339 455.15 1338.4 454.55 q 1337.8 453.95 1337 454 q 1336.15 453.95 1335.55 454.55 q 1334.95 455.15 1335 456 l 1335 462 c f #c00 1 m 1338.4 442.55 q 1337.8 441.95 1337 442 q 1336.15 441.95 1335.55 442.55 q 1334.95 443.15 1335 444 l 1335 450 q 1334.95 450.8 1335.55 451.4 q 1336.15 452 1337 452 q 1337.8 452 1338.4 451.4 q 1339 450.8 1339 450 l 1339 444 q 1339 443.15 1338.4 442.55 c f #c00 1 m 1338.4 430.55 q 1337.8 429.95 1337 430 q 1336.15 429.95 1335.55 430.55 q 1334.95 431.15 1335 432 l 1335 438 q 1334.95 438.8 1335.55 439.4 q 1336.15 440 1337 440 q 1337.8 440 1338.4 439.4 q 1339 438.8 1339 438 l 1339 432 q 1339 431.15 1338.4 430.55 c f #c00 1 m 1338.4 418.55 q 1337.8 417.95 1337 418 q 1336.15 417.95 1335.55 418.55 q 1334.95 419.15 1335 420 l 1335 426 q 1334.95 426.8 1335.55 427.4 q 1336.15 428 1337 428 q 1337.8 428 1338.4 427.4 q 1339 426.8 1339 426 l 1339 420 q 1339 419.15 1338.4 418.55 c f #c00 1 m 1338.4 406.55 q 1337.8 405.95 1337 406 q 1336.15 405.95 1335.55 406.55 q 1334.95 407.15 1335 408 l 1335 414 q 1334.95 414.8 1335.55 415.4 q 1336.15 416 1337 416 q 1337.8 416 1338.4 415.4 q 1339 414.8 1339 414 l 1339 408 q 1339 407.15 1338.4 406.55 c f #c00 1 m 1338.4 394.55 q 1337.8 393.95 1337 394 q 1336.15 393.95 1335.55 394.55 q 1334.95 395.15 1335 396 l 1335 402 q 1334.95 402.8 1335.55 403.4 q 1336.15 404 1337 404 q 1337.8 404 1338.4 403.4 q 1339 402.8 1339 402 l 1339 396 q 1339 395.15 1338.4 394.55 c f #c00 1 m 1335 384 l 1335 390 q 1334.95 390.8 1335.55 391.4 q 1336.15 392 1337 392 q 1337.8 392 1338.4 391.4 q 1339 390.8 1339 390 l 1339 384 q 1339 383.15 1338.4 382.55 q 1337.8 381.95 1337 382 q 1336.15 381.95 1335.55 382.55 q 1334.95 383.15 1335 384 c f #c00 1 m 1335 372 l 1335 378 q 1334.95 378.8 1335.55 379.4 q 1336.15 380 1337 380 q 1337.8 380 1338.4 379.4 q 1339 378.8 1339 378 l 1339 372 q 1339 371.15 1338.4 370.55 q 1337.8 369.95 1337 370 q 1336.15 369.95 1335.55 370.55 q 1334.95 371.15 1335 372 c f #c00 1 m 1335 366 q 1334.95 366.8 1335.55 367.4 q 1336.15 368 1337 368 q 1337.8 368 1338.4 367.4 q 1339 366.8 1339 366 l 1339 360 q 1339 359.15 1338.4 358.55 q 1337.8 357.95 1337 358 q 1336.15 357.95 1335.55 358.55 q 1334.95 359.15 1335 360 l 1335 366 c f #c00 1 m 1335 354 q 1334.95 354.8 1335.55 355.4 q 1336.15 356 1337 356 q 1337.8 356 1338.4 355.4 q 1339 354.8 1339 354 l 1339 348 q 1339 347.15 1338.4 346.55 q 1337.8 345.95 1337 346 q 1336.15 345.95 1335.55 346.55 q 1334.95 347.15 1335 348 l 1335 354 c f #c00 1 m 1339 342 l 1339 336 q 1339 335.15 1338.4 334.55 q 1337.8 333.95 1337 334 q 1336.15 333.95 1335.55 334.55 q 1334.95 335.15 1335 336 l 1335 342 q 1334.95 342.8 1335.55 343.4 q 1336.15 344 1337 344 q 1337.8 344 1338.4 343.4 q 1339 342.8 1339 342 c f #c00 1 m 1338.4 331.4 q 1339 330.8 1339 330 l 1339 324 q 1339 323.15 1338.4 322.55 q 1337.8 321.95 1337 322 q 1336.15 321.95 1335.55 322.55 q 1334.95 323.15 1335 324 l 1335 330 q 1334.95 330.8 1335.55 331.4 q 1336.15 332 1337 332 q 1337.8 332 1338.4 331.4 c f #c00 1 m 1338.4 319.4 q 1339 318.8 1339 318 l 1339 312 q 1339 311.15 1338.4 310.55 q 1337.8 309.95 1337 310 q 1336.15 309.95 1335.55 310.55 q 1334.95 311.15 1335 312 l 1335 318 q 1334.95 318.8 1335.55 319.4 q 1336.15 320 1337 320 q 1337.8 320 1338.4 319.4 c f #c00 1 m 1338.4 307.4 q 1339 306.8 1339 306 l 1339 300 q 1339 299.15 1338.4 298.55 q 1337.8 297.95 1337 298 q 1336.15 297.95 1335.55 298.55 q 1334.95 299.15 1335 300 l 1335 306 q 1334.95 306.8 1335.55 307.4 q 1336.15 308 1337 308 q 1337.8 308 1338.4 307.4 c f #c00 1 m 1335 288 l 1335 294 q 1334.95 294.8 1335.55 295.4 q 1336.15 296 1337 296 q 1337.8 296 1338.4 295.4 q 1339 294.8 1339 294 l 1339 288 q 1339 287.15 1338.4 286.55 q 1337.8 285.95 1337 286 q 1336.15 285.95 1335.55 286.55 q 1334.95 287.15 1335 288 c f #c00 1 m 1335 276 l 1335 282 q 1334.95 282.8 1335.55 283.4 q 1336.15 284 1337 284 q 1337.8 284 1338.4 283.4 q 1339 282.8 1339 282 l 1339 276 q 1339 275.15 1338.4 274.55 q 1337.8 273.95 1337 274 q 1336.15 273.95 1335.55 274.55 q 1334.95 275.15 1335 276 c f #c00 1 m 1335 270 q 1334.95 270.8 1335.55 271.4 q 1336.15 272 1337 272 q 1337.8 272 1338.4 271.4 q 1339 270.8 1339 270 l 1339 264 q 1339 263.15 1338.4 262.55 q 1337.8 261.95 1337 262 q 1336.15 261.95 1335.55 262.55 q 1334.95 263.15 1335 264 l 1335 270 c f #c00 1 m 1335 258 q 1334.95 258.8 1335.55 259.4 q 1336.15 260 1337 260 q 1337.8 260 1338.4 259.4 q 1339 258.8 1339 258 l 1339 252 q 1339 251.15 1338.4 250.55 q 1337.8 249.95 1337 250 q 1336.15 249.95 1335.55 250.55 q 1334.95 251.15 1335 252 l 1335 258 c f #c00 1 m 1339 246 l 1339 240 q 1339 239.15 1338.4 238.55 q 1337.8 237.95 1337 238 q 1336.15 237.95 1335.55 238.55 q 1334.95 239.15 1335 240 l 1335 246 q 1334.95 246.8 1335.55 247.4 q 1336.15 248 1337 248 q 1337.8 248 1338.4 247.4 q 1339 246.8 1339 246 c f #c00 1 m 1338.4 226.55 q 1337.8 225.95 1337 226 q 1336.15 225.95 1335.55 226.55 q 1334.95 227.15 1335 228 l 1335 234 q 1334.95 234.8 1335.55 235.4 q 1336.15 236 1337 236 q 1337.8 236 1338.4 235.4 q 1339 234.8 1339 234 l 1339 228 q 1339 227.15 1338.4 226.55 c f #c00 1 m 1339 216 q 1339 215.15 1338.4 214.55 q 1337.8 213.95 1337 214 q 1336.15 213.95 1335.55 214.55 q 1334.95 215.15 1335 216 l 1335 222 q 1334.95 222.8 1335.55 223.4 q 1336.15 224 1337 224 q 1337.8 224 1338.4 223.4 q 1339 222.8 1339 222 l 1339 216 c f #c00 1 m 1338.4 202.55 q 1337.8 201.95 1337 202 q 1336.15 201.95 1335.55 202.55 q 1334.95 203.15 1335 204 l 1335 210 q 1334.95 210.8 1335.55 211.4 q 1336.15 212 1337 212 q 1337.8 212 1338.4 211.4 q 1339 210.8 1339 210 l 1339 204 q 1339 203.15 1338.4 202.55 c f #c00 1 m 1335.55 190.55 q 1334.95 191.15 1335 192 l 1335 198 q 1334.95 198.8 1335.55 199.4 q 1336.15 200 1337 200 q 1337.8 200 1338.4 199.4 q 1339 198.8 1339 198 l 1339 192 q 1339 191.15 1338.4 190.55 q 1337.8 189.95 1337 190 q 1336.15 189.95 1335.55 190.55 c f #c00 1 m 1335.55 178.55 q 1334.95 179.15 1335 180 l 1335 186 q 1334.95 186.8 1335.55 187.4 q 1336.15 188 1337 188 q 1337.8 188 1338.4 187.4 q 1339 186.8 1339 186 l 1339 180 q 1339 179.15 1338.4 178.55 q 1337.8 177.95 1337 178 q 1336.15 177.95 1335.55 178.55 c f #c00 1 m 1335.55 166.55 q 1334.95 167.15 1335 168 l 1335 174 q 1334.95 174.8 1335.55 175.4 q 1336.15 176 1337 176 q 1337.8 176 1338.4 175.4 q 1339 174.8 1339 174 l 1339 168 q 1339 167.15 1338.4 166.55 q 1337.8 165.95 1337 166 q 1336.15 165.95 1335.55 166.55 c f #c00 1 m 1335 162 q 1334.95 162.8 1335.55 163.4 q 1336.15 164 1337 164 q 1337.8 164 1338.4 163.4 q 1339 162.8 1339 162 l 1339 156 q 1339 155.15 1338.4 154.55 q 1337.8 153.95 1337 154 q 1336.15 153.95 1335.55 154.55 q 1334.95 155.15 1335 156 l 1335 162 c f #c00 1 m 1338.4 142.55 q 1337.8 141.95 1337 142 q 1336.15 141.95 1335.55 142.55 q 1334.95 143.15 1335 144 l 1335 150 q 1334.95 150.8 1335.55 151.4 q 1336.15 152 1337 152 q 1337.8 152 1338.4 151.4 q 1339 150.8 1339 150 l 1339 144 q 1339 143.15 1338.4 142.55 c f #c00 1 m 1338.4 130.55 q 1337.8 129.95 1337 130 q 1336.15 129.95 1335.55 130.55 q 1334.95 131.15 1335 132 l 1335 138 q 1334.95 138.8 1335.55 139.4 q 1336.15 140 1337 140 q 1337.8 140 1338.4 139.4 q 1339 138.8 1339 138 l 1339 132 q 1339 131.15 1338.4 130.55 c f #c00 1 m 1339 120 q 1339 119.15 1338.4 118.55 q 1337.8 117.95 1337 118 q 1336.15 117.95 1335.55 118.55 q 1334.95 119.15 1335 120 l 1335 126 q 1334.95 126.8 1335.55 127.4 q 1336.15 128 1337 128 q 1337.8 128 1338.4 127.4 q 1339 126.8 1339 126 l 1339 120 c f #c00 1 m 1338.4 106.55 q 1337.8 105.95 1337 106 q 1336.15 105.95 1335.55 106.55 q 1334.95 107.15 1335 108 l 1335 114 q 1334.95 114.8 1335.55 115.4 q 1336.15 116 1337 116 q 1337.8 116 1338.4 115.4 q 1339 114.8 1339 114 l 1339 108 q 1339 107.15 1338.4 106.55 c f #c00 1 m 1335.55 94.55 q 1334.95 95.15 1335 96 l 1335 102 q 1334.95 102.8 1335.55 103.4 q 1336.15 104 1337 104 q 1337.8 104 1338.4 103.4 q 1339 102.8 1339 102 l 1339 96 q 1339 95.15 1338.4 94.55 q 1337.8 93.95 1337 94 q 1336.15 93.95 1335.55 94.55 c f #c00 1 m 1335.55 82.55 q 1334.95 83.15 1335 84 l 1335 90 q 1334.95 90.8 1335.55 91.4 q 1336.15 92 1337 92 q 1337.8 92 1338.4 91.4 q 1339 90.8 1339 90 l 1339 84 q 1339 83.15 1338.4 82.55 q 1337.8 81.95 1337 82 q 1336.15 81.95 1335.55 82.55 c f #c00 1 m 1335.55 70.55 q 1334.95 71.15 1335 72 l 1335 78 q 1334.95 78.8 1335.55 79.4 q 1336.15 80 1337 80 q 1337.8 80 1338.4 79.4 q 1339 78.8 1339 78 l 1339 72 q 1339 71.15 1338.4 70.55 q 1337.8 69.95 1337 70 q 1336.15 69.95 1335.55 70.55 c f #c00 1 m 1335 66 q 1334.95 66.8 1335.55 67.4 q 1336.15 68 1337 68 q 1337.8 68 1338.4 67.4 q 1339 66.8 1339 66 l 1339 60 q 1339 59.15 1338.4 58.55 q 1337.8 57.95 1337 58 q 1336.15 57.95 1335.55 58.55 q 1334.95 59.15 1335 60 l 1335 66 c f #c00 1 m 1338.4 46.55 q 1337.8 45.95 1337 46 q 1336.15 45.95 1335.55 46.55 q 1334.95 47.15 1335 48 l 1335 54 q 1334.95 54.8 1335.55 55.4 q 1336.15 56 1337 56 q 1337.8 56 1338.4 55.4 q 1339 54.8 1339 54 l 1339 48 q 1339 47.15 1338.4 46.55 c f #c00 1 m 1338.4 34.55 q 1337.8 33.95 1337 34 q 1336.15 33.95 1335.55 34.55 q 1334.95 35.15 1335 36 l 1335 42 q 1334.95 42.8 1335.55 43.4 q 1336.15 44 1337 44 q 1337.8 44 1338.4 43.4 q 1339 42.8 1339 42 l 1339 36 q 1339 35.15 1338.4 34.55 c f #c00 1 m 1338.4 22.55 q 1337.8 21.95 1337 22 q 1336.15 21.95 1335.55 22.55 q 1334.95 23.15 1335 24 l 1335 30 q 1334.95 30.8 1335.55 31.4 q 1336.15 32 1337 32 q 1337.8 32 1338.4 31.4 q 1339 30.8 1339 30 l 1339 24 q 1339 23.15 1338.4 22.55 c f #c00 1 m 1338.4 10.55 q 1337.8 9.95 1337 10 q 1336.15 9.95 1335.55 10.55 q 1334.95 11.15 1335 12 l 1335 18 q 1334.95 18.8 1335.55 19.4 q 1336.15 20 1337 20 q 1337.8 20 1338.4 19.4 q 1339 18.8 1339 18 l 1339 12 q 1339 11.15 1338.4 10.55 c f #c00 1 m 1338.4 -1.45 q 1337.8 -2.05 1337 -2 q 1336.15 -2.05 1335.55 -1.45 q 1334.95 -0.85 1335 0 l 1335 6 q 1334.95 6.8 1335.55 7.4 q 1336.15 8 1337 8 q 1337.8 8 1338.4 7.4 q 1339 6.8 1339 6 l 1339 0 q 1339 -0.85 1338.4 -1.45 c f #c00 1 m 287 -2 q 286.15 -2.05 285.55 -1.45 q 284.95 -0.85 285 0 l 285 6 q 284.95 6.8 285.55 7.4 q 286.15 8 287 8 q 287.8 8 288.4 7.4 q 289 6.8 289 6 l 289 0 q 289 -0.85 288.4 -1.45 q 287.8 -2.05 287 -2 c
f #0f3 1 m 1032.25 768 l 1032.25 0 l 0 0 l 0 768 l 1032.25 768 c